18 18 18 18 18 18 18 12 18 18 12 18 16 16 12 18 18 18 18 12 16 9 9 12 16 18 18 18 18 10 10 10 10 18 18 18 5 13 5 5 5 5 5 5 17 17 5 5 5 6 17 6 6 6 6 6 6 6 13 2 2 2 9 9 9 10 9 10 0 0 10 0 10 0 0 0 18 18 18 0 18 0 18 0 18 18 0 18 18 
18 18 18 12 9 12 18 12 0 18 18 10 18 18 18 18 12 18 12 12 9 5 5 5 5 5 5 5 5 5 5 5 5 5 5 5 5 17 17 17 17 17 17 17 17 17 17 17 17 6 2 2 2 2 0 0 10 10 10 12 12 18 18 12 12 12 12 12 12 12 12 12 12 12 12 18 18 18 18 12 
16 16 16 16 16 16 16 16 16 16 16 16 16 16 16 16 16 16 16 16 9 13 13 13 13 2 2 5 2 17 17 17 17 17 17 17 17 17 17 17 17 17 6 6 6 6 6 6 6 6 6 6 6 6 2 2 2 0 10 9 9 10 10 10 10 10 10 12 18 18 18 18 18 16 16 16 18 16 16 16 16 16 16 16 
16 16 16 16 16 16 16 16 16 16 16 16 16 16 16 16 12 16 16 16 16 16 16 16 16 16 16 16 16 9 9 13 13 13 13 13 5 13 13 13 13 13 13 13 13 13 13 13 13 13 6 6 6 6 6 6 6 6 6 2 2 2 2 2 2 9 10 10 10 10 18 0 0 0 0 0 18 0 0 18 18 18 18 18 18 18 18 18 18 18 0 0 
16 16 16 16 16 16 16 18 16 16 16 16 16 16 16 16 16 16 16 16 9 9 9 9 13 5 5 5 5 5 5 5 5 5 5 5 6 6 6 6 6 6 6 6 6 6 6 6 6 6 6 6 6 2 2 2 2 2 0 10 10 18 18 10 18 18 18 18 18 18 18 16 16 18 18 18 18 16 16 16 18 16 16 18 
16 16 16 16 16 16 16 16 16 16 16 16 16 16 16 16 16 16 16 16 9 9 5 5 5 6 6 6 6 6 6 6 6 6 6 6 6 6 6 6 6 6 6 6 6 6 6 2 2 2 2 2 0 9 10 10 10 10 18 10 18 18 16 18 18 18 16 16 16 16 16 16 16 16 16 16 
16 16 12 12 12 12 12 12 12 12 12 16 16 16 12 12 16 16 16 12 12 2 2 2 5 17 5 17 17 17 17 17 17 17 17 17 17 17 17 5 5 17 17 17 17 6 6 6 6 6 6 6 6 6 6 6 6 6 6 6 2 2 9 9 9 0 0 0 0 0 0 0 12 12 9 18 18 12 12 12 12 12 12 12 12 18 18 12 12 
12 12 12 0 0 0 18 18 0 0 0 0 10 12 12 18 18 12 12 12 18 11 11 11 11 11 7 16 16 7 16 16 16 16 16 16 16 7 7 16 16 16 16 7 16 16 13 13 13 13 13 13 13 13 13 13 13 13 6 6 6 6 6 6 6 6 6 6 6 6 6 6 6 6 6 2 2 2 2 5 9 9 9 9 9 9 9 9 10 10 0 0 0 0 0 0 0 0 0 0 0 0 0 18 
9 12 18 18 16 18 18 18 18 16 16 12 16 12 18 16 18 18 18 16 16 5 5 5 5 5 5 5 5 5 5 5 5 5 5 5 5 5 5 13 13 13 13 13 13 6 6 6 6 6 2 2 2 2 0 0 0 0 0 0 18 18 18 18 18 18 18 18 18 18 18 18 16 18 18 18 16 16 16 18 
16 16 16 16 16 7 16 16 16 16 7 16 7 16 16 16 7 16 16 16 16 9 9 5 5 5 5 5 5 5 5 5 5 5 5 5 5 5 5 5 5 5 5 5 5 5 13 13 6 6 6 6 6 6 6 2 2 2 0 0 9 9 9 10 10 10 10 10 10 10 10 10 10 0 0 0 0 0 0 0 0 18 0 0 0 0 10 
18 12 10 12 12 12 12 12 10 12 12 18 12 12 18 12 12 12 12 12 12 11 11 12 7 7 18 11 7 16 16 16 12 12 16 16 9 13 13 13 13 13 13 13 6 6 6 6 6 6 6 6 6 6 6 6 6 6 6 6 6 6 6 6 6 6 6 6 6 2 2 9 10 9 10 10 10 0 18 18 0 0 10 12 10 10 0 10 18 12 12 18 12 12 12 12 12 
12 12 18 18 18 18 16 16 16 10 12 16 16 16 16 16 16 16 16 12 2 17 17 17 17 17 17 17 17 17 5 5 5 5 5 5 5 5 5 6 6 6 6 6 6 6 2 2 2 2 0 0 12 12 12 12 12 0 0 0 18 18 0 18 0 0 18 18 18 12 12 18 18 12 18 12 
12 12 16 12 16 16 16 12 16 12 18 16 12 16 16 16 16 16 16 18 18 12 12 16 16 16 12 16 16 12 18 0 18 16 16 10 9 9 10 9 5 5 5 5 17 17 17 17 17 17 17 17 17 17 17 17 17 6 6 6 6 6 6 6 6 6 6 6 6 6 2 2 2 2 9 10 10 0 0 0 0 18 18 0 18 0 0 18 18 18 18 18 18 18 18 18 0 18 18 
16 16 16 16 16 16 16 16 16 16 16 16 16 16 16 16 16 16 16 16 16 16 16 16 16 16 16 16 16 16 16 16 16 16 18 5 5 5 5 5 5 5 5 6 17 6 6 6 6 6 6 6 6 6 6 6 6 6 6 6 6 6 6 6 6 6 2 2 2 2 9 10 9 10 9 10 10 10 10 10 10 10 10 10 18 16 16 18 18 18 16 12 
12 12 12 16 16 16 16 16 16 12 16 18 5 5 5 5 5 5 17 17 17 17 17 17 17 17 17 17 17 17 5 5 5 17 17 17 17 17 17 17 15 2 2 9 9 9 9 9 0 0 0 0 0 0 0 0 0 0 0 0 0 18 18 12 12 12 12 18 12 18 
16 16 16 16 16 16 18 18 16 16 16 16 16 16 16 16 16 16 16 16 16 16 12 12 9 5 5 5 5 17 6 6 6 6 6 6 6 6 6 6 6 6 6 6 6 6 6 6 6 2 2 0 2 2 0 9 10 10 10 10 10 10 10 10 10 10 18 18 18 10 10 10 12 12 18 18 18 18 18 18 
18 18 18 18 18 18 18 10 10 18 18 16 18 16 16 16 16 12 16 16 16 9 5 5 5 5 5 5 1 1 6 1 6 6 6 6 6 6 6 6 2 2 9 2 2 2 2 2 0 10 0 18 18 18 16 16 16 18 16 16 16 16 16 16 16 16 18 18 18 18 18 18 18 10 
16 16 16 16 16 12 16 16 16 16 16 16 16 16 16 10 12 12 16 16 16 18 8 17 17 17 17 17 17 17 17 17 17 17 17 17 17 17 17 17 17 17 17 6 6 6 6 6 6 6 6 6 6 6 6 6 6 6 6 6 6 2 2 2 2 2 2 9 10 12 12 10 10 10 12 12 10 12 16 12 12 16 16 16 16 16 16 16 16 16 
12 12 12 12 12 12 12 12 12 12 12 12 12 12 12 12 12 12 12 16 16 7 7 5 5 5 5 5 5 5 5 5 17 17 5 17 17 17 17 17 17 17 17 17 17 6 6 6 6 6 2 2 2 2 9 9 10 10 10 10 10 10 0 0 0 0 0 0 0 0 0 0 0 0 0 0 0 0 0 0 
18 16 16 16 16 16 16 16 16 16 16 16 16 16 16 16 16 7 7 16 16 12 9 5 5 5 5 5 5 5 5 5 5 5 5 5 13 13 13 13 13 13 13 13 13 13 5 5 17 6 6 6 6 6 17 2 2 2 2 0 0 0 0 0 0 0 0 0 18 0 0 18 18 18 0 18 18 18 18 18 18 18 18 18 18 
16 16 18 18 16 16 18 16 16 16 16 16 16 16 16 16 18 16 10 10 16 7 11 11 7 16 18 16 16 16 16 16 16 16 16 16 5 5 5 5 5 19 13 13 13 13 13 13 13 13 13 13 13 13 13 13 13 13 13 13 13 6 6 6 6 17 5 2 2 2 9 9 9 9 9 9 9 0 0 9 0 0 0 0 0 0 18 18 18 0 18 18 18 18 18 18 18 18 
18 16 18 18 18 16 18 16 16 16 18 16 18 18 16 18 18 18 18 16 12 10 18 18 16 16 16 16 16 16 16 16 16 16 16 18 5 5 5 5 5 5 19 19 19 19 19 19 19 19 19 19 19 6 6 6 6 6 6 6 6 6 6 2 13 2 2 2 2 2 10 10 10 10 0 10 10 10 18 10 10 18 18 18 18 18 18 10 18 18 18 18 18 18 18 12 
18 18 18 18 18 16 16 16 16 16 16 16 16 16 16 16 16 12 12 18 18 7 7 7 7 7 7 16 16 9 13 9 5 13 13 13 13 13 6 13 13 13 13 13 13 13 13 13 13 6 6 6 6 6 6 6 6 6 6 6 6 6 13 2 9 9 9 10 10 9 10 10 10 10 10 10 18 18 18 12 16 18 18 18 18 18 18 18 18 18 18 18 18 18 18 18 18 18 18 18 18 18 18 18 18 18 18 18 18 18 18 
12 12 18 12 12 12 12 12 12 12 12 12 12 12 12 12 12 12 16 16 16 7 7 16 16 18 7 7 16 12 9 12 16 16 16 16 12 12 12 12 9 10 17 17 17 17 17 17 17 17 17 17 17 17 17 17 17 17 17 17 17 17 17 17 17 17 17 17 17 6 6 6 17 6 6 6 17 17 6 6 2 9 9 9 9 2 9 2 9 9 2 2 2 2 9 9 9 9 9 9 9 10 9 9 9 9 9 9 9 9 
16 16 16 16 16 16 16 16 16 16 16 16 16 16 16 16 16 10 10 18 10 13 13 13 13 13 13 13 13 13 13 13 13 13 13 13 13 13 13 13 5 13 13 13 13 6 6 6 6 6 6 2 2 2 2 2 2 0 0 0 18 18 18 18 18 18 16 16 16 18 16 18 16 16 16 16 16 16 16 16 16 
12 16 16 16 16 16 16 16 16 16 16 16 16 12 16 18 16 16 12 12 9 5 5 5 5 5 5 17 17 17 17 17 17 17 17 17 17 17 5 5 5 5 5 5 5 6 6 6 6 6 6 6 6 2 2 2 0 10 10 10 18 10 10 10 10 18 18 10 18 12 12 12 12 12 12 18 12 12 18 18 18 
16 16 16 16 16 18 18 16 16 16 16 16 16 16 16 16 16 16 16 16 16 16 9 13 5 5 5 5 5 5 5 5 5 5 5 5 5 17 17 17 6 17 6 6 17 17 6 17 17 17 6 6 2 2 2 0 10 10 10 9 10 10 10 10 10 10 10 10 10 10 10 10 10 10 18 18 18 18 18 18 
16 16 16 16 16 16 16 16 16 16 16 12 0 0 0 12 16 7 7 16 9 9 9 9 5 5 5 2 17 2 5 5 17 5 5 5 5 5 5 6 6 6 6 6 6 6 6 17 6 17 2 2 2 2 2 10 10 10 10 10 0 0 12 18 12 18 18 18 18 18 16 18 18 16 16 16 16 16 16 
18 18 18 18 18 18 18 18 18 18 18 18 18 18 18 18 18 18 18 18 18 7 7 7 18 18 10 9 10 10 10 10 16 18 18 16 18 18 16 16 16 16 16 10 18 17 5 5 5 5 5 5 5 5 5 5 13 5 13 13 13 13 13 13 13 13 6 6 6 6 6 6 2 2 2 2 2 0 9 10 10 10 10 10 10 18 18 18 18 18 18 18 0 18 0 18 18 18 18 18 18 18 
16 16 16 16 18 16 16 16 16 16 16 16 16 16 16 12 16 16 16 16 12 9 5 5 17 17 17 17 17 17 17 17 17 17 17 17 17 17 17 17 17 17 17 17 17 6 6 6 6 6 6 6 6 2 0 9 9 9 9 9 9 9 9 9 9 9 9 9 9 9 0 0 0 0 0 0 0 0 0 18 18 18 18 12 18 12 12 
12 16 12 12 12 16 16 12 12 10 12 10 12 16 10 9 9 12 12 12 10 11 11 11 7 7 7 16 16 16 16 7 7 16 16 16 16 16 5 17 5 5 5 17 17 17 17 17 6 17 6 6 6 6 6 6 6 6 6 6 6 6 6 6 6 2 2 2 0 0 9 9 2 9 9 9 9 9 9 9 9 9 9 9 9 9 9 9 9 9 9 9 9 9 9 9 10 10 0 0 10 
16 16 16 16 16 16 16 16 16 16 16 16 16 16 16 16 16 16 16 16 16 9 5 17 17 17 17 17 17 17 17 17 17 17 5 5 5 5 5 5 17 17 17 17 17 17 17 17 6 6 6 6 6 6 6 6 17 6 6 6 6 2 2 2 2 9 9 9 9 9 9 9 10 10 10 10 10 10 10 10 10 10 12 12 16 16 12 16 16 16 
16 12 16 16 16 16 16 16 18 18 18 18 18 18 18 18 16 16 18 18 7 7 11 11 11 7 7 16 16 16 16 18 9 5 19 13 13 13 13 13 13 13 13 13 13 13 13 13 13 13 13 13 13 13 13 6 6 6 6 6 6 6 6 6 2 2 10 10 10 10 0 10 18 0 0 0 0 0 0 0 0 18 18 0 0 18 18 18 18 18 18 18 18 
16 18 16 16 16 12 16 16 16 16 16 16 16 12 16 16 16 18 18 9 9 5 13 17 17 17 17 17 17 17 17 2 2 2 2 2 2 2 2 17 6 6 17 6 6 6 6 6 6 6 2 2 9 0 16 0 0 0 0 0 0 18 0 0 10 9 18 18 18 0 10 10 18 16 18 18 18 16 16 16 16 16 18 16 18 
16 16 16 16 16 16 16 16 16 16 16 16 16 16 16 18 16 16 16 16 16 16 16 7 18 9 10 9 13 9 9 2 5 5 5 5 5 5 5 5 5 5 5 5 5 13 13 13 13 13 13 6 6 2 2 2 10 2 2 2 9 2 0 0 0 0 2 0 0 0 0 0 0 0 0 0 0 18 0 0 0 18 18 18 18 18 18 0 
18 18 18 18 18 18 18 18 18 18 18 18 18 18 18 18 10 18 18 18 7 11 7 18 18 18 18 18 16 16 16 16 16 18 16 7 16 18 18 18 18 18 18 18 9 13 13 13 13 13 13 13 13 13 13 13 13 13 13 13 13 13 13 13 6 6 6 6 6 6 6 6 6 6 6 6 6 6 6 2 2 2 2 0 10 10 10 10 0 0 0 0 0 10 10 18 0 10 10 10 10 10 18 
18 18 10 10 18 16 16 16 16 16 16 16 16 16 16 16 16 16 16 16 9 9 13 13 13 13 13 13 13 13 13 13 13 13 6 6 6 6 6 6 6 6 6 6 6 6 6 6 6 6 6 6 6 2 2 10 10 18 18 18 16 16 16 16 16 16 16 16 16 16 16 16 16 16 16 16 16 16 16 16 
16 12 12 12 16 12 12 12 12 12 12 12 12 12 12 12 12 12 12 12 18 10 9 10 10 10 10 12 12 12 18 12 16 18 18 12 12 10 9 5 17 17 17 17 17 17 17 17 17 17 17 17 6 17 6 6 6 6 6 6 6 6 2 2 2 2 2 2 2 9 9 9 10 10 0 0 0 10 0 0 0 0 0 0 18 12 12 12 0 18 18 12 
12 12 12 12 12 12 12 12 12 12 12 12 10 12 12 10 10 12 12 16 16 16 16 16 18 16 16 16 16 16 12 9 10 16 12 12 9 13 13 13 6 6 17 17 17 17 17 17 17 17 17 17 17 17 17 17 17 17 17 17 17 17 17 17 17 17 17 2 2 9 9 9 9 9 9 9 9 9 9 9 10 10 12 12 12 12 12 12 12 12 12 12 10 12 12 12 12 
