12 12 18 18 18 18 12 12 18 18 12 12 12 12 12 12 12 12 12 12 9 0 0 0 8 14 14 14 14 8 8 15 3 3 3 5 5 5 1 4 4 4 4 4 4 4 4 4 4 4 13 13 13 2 2 2 9 9 10 10 10 10 10 10 0 0 10 0 0 18 0 12 18 18 18 18 18 18 18 18 12 12 0 
12 12 18 12 12 12 12 12 12 12 12 18 12 12 12 12 12 12 12 12 12 12 12 12 12 12 12 18 12 18 7 18 12 18 7 11 11 11 11 14 14 14 14 14 8 15 3 3 3 3 3 3 19 19 19 19 19 1 1 1 1 1 1 1 5 5 5 5 5 5 5 5 5 5 5 5 5 5 5 5 5 5 5 5 13 5 5 5 6 6 6 2 2 2 10 9 10 10 10 10 10 10 10 10 10 10 10 10 10 12 12 12 10 10 10 12 12 18 12 12 
16 16 16 16 16 16 16 16 16 16 16 16 16 16 16 16 16 18 10 10 12 16 16 7 7 7 7 7 8 8 8 15 15 15 15 15 15 15 15 3 3 19 19 4 4 4 4 4 4 4 4 4 4 4 4 13 13 13 2 13 13 13 13 13 13 13 13 6 6 6 2 2 2 2 2 9 10 10 10 9 10 10 10 10 10 10 18 18 16 18 18 16 16 16 16 16 16 16 16 
18 18 18 18 12 12 18 18 12 12 12 18 12 16 12 12 18 18 18 18 0 16 18 18 0 16 7 16 12 12 9 9 9 9 9 9 9 9 9 10 10 12 12 16 16 18 16 18 0 8 8 8 8 14 14 14 14 14 14 14 14 14 8 15 15 3 3 3 3 3 5 19 19 1 1 1 1 1 1 4 4 4 19 19 13 13 13 13 13 13 13 13 13 13 2 6 6 2 2 9 2 9 9 9 9 10 0 0 0 0 0 0 0 0 0 0 0 0 0 0 0 0 0 0 0 0 0 0 0 
10 12 12 12 12 12 12 12 12 12 12 12 12 12 12 12 12 12 12 12 12 16 18 12 12 16 16 0 0 17 17 8 14 14 14 14 14 14 14 14 14 14 8 8 15 15 15 15 15 15 3 3 3 3 5 5 4 4 4 4 4 4 4 4 4 4 13 13 13 13 13 13 13 13 13 13 13 13 6 6 6 13 2 2 2 9 10 10 12 10 10 10 12 12 12 12 12 12 12 12 18 18 12 12 12 12 12 12 12 12 12 12 
12 12 12 12 12 12 12 12 12 12 12 12 12 12 12 12 12 12 12 12 16 7 18 12 12 12 18 0 2 2 2 8 8 14 14 14 14 14 14 14 14 14 8 15 15 15 15 15 15 15 3 5 5 5 5 4 4 4 4 4 4 4 4 4 4 4 4 13 13 13 13 13 13 13 13 2 2 2 2 2 9 9 9 9 9 9 9 9 10 10 10 12 18 12 12 12 12 12 12 12 12 12 12 
12 12 12 12 12 12 12 12 12 12 12 12 12 12 12 12 12 12 12 12 0 0 0 8 14 14 14 14 14 14 14 14 14 8 8 15 15 15 15 15 15 15 15 3 3 3 19 19 5 1 1 1 1 1 1 1 1 5 5 5 5 5 5 5 5 5 5 17 17 17 17 6 6 6 6 6 6 6 6 6 6 2 2 2 9 9 9 9 9 9 9 9 10 10 10 10 10 10 10 10 12 12 12 12 12 12 12 12 10 12 12 
12 12 12 12 12 12 12 12 12 12 12 12 12 12 12 12 12 12 12 16 12 18 18 7 16 16 16 16 16 16 16 12 12 12 16 16 16 16 16 12 0 2 8 8 8 8 14 14 14 14 14 14 14 8 15 15 15 3 3 3 3 3 3 3 19 19 19 19 1 1 4 4 4 1 1 1 1 1 1 1 1 1 19 13 13 13 13 13 13 13 13 13 13 13 13 13 13 6 6 6 6 6 6 2 2 2 2 9 9 9 9 9 10 10 0 0 0 0 0 0 0 0 18 0 0 18 18 12 18 18 18 12 12 12 
12 12 12 12 12 12 12 12 12 12 12 12 12 12 12 12 12 12 12 0 15 8 8 8 8 14 14 14 14 14 14 14 14 14 14 14 14 8 15 15 15 3 3 3 3 3 3 19 19 19 1 1 1 4 4 4 19 19 13 13 13 13 13 13 13 13 13 13 13 13 13 13 13 13 13 2 9 9 9 9 9 10 10 10 10 10 10 12 12 12 12 12 12 12 12 12 12 12 12 12 12 12 12 
12 18 16 18 12 18 12 18 12 18 18 18 18 10 18 10 12 10 10 10 7 11 18 18 18 16 18 10 10 18 18 12 16 16 16 16 16 16 18 10 12 16 16 18 0 2 0 8 8 14 14 14 14 14 14 14 8 15 15 3 15 3 3 3 3 3 3 19 19 1 1 1 1 1 1 1 1 1 1 1 19 13 13 13 13 19 13 13 13 13 13 13 13 13 13 13 13 13 13 13 2 2 2 2 2 9 9 9 9 9 9 9 9 9 9 10 10 10 10 10 0 18 18 10 0 0 0 0 10 10 0 0 0 
12 10 10 10 10 12 12 12 12 12 12 12 12 12 12 12 12 10 9 10 10 0 17 17 17 17 8 8 14 14 14 14 14 14 14 14 8 8 15 15 15 3 3 3 3 19 19 1 1 1 1 1 1 4 4 4 4 13 13 13 13 13 13 13 13 13 13 13 13 13 13 13 2 0 7 18 10 10 7 7 0 0 0 12 12 12 12 12 12 12 12 12 12 12 12 12 12 12 12 12 12 12 12 12 0 12 12 12 12 12 
12 12 12 12 12 12 12 12 12 12 16 16 16 12 12 12 12 12 12 12 9 9 9 10 10 10 9 10 10 10 10 18 18 12 12 12 12 12 18 7 0 2 8 8 8 8 8 8 8 8 8 8 8 8 8 15 15 15 3 3 3 5 5 5 1 1 1 1 4 4 4 4 4 4 4 17 17 17 5 5 5 13 13 13 6 6 6 6 2 2 2 2 2 9 9 9 9 9 9 12 12 10 12 12 10 12 10 10 0 12 12 0 12 12 12 12 12 12 12 
12 12 12 12 12 12 12 12 12 12 12 12 12 18 12 12 12 12 12 12 12 18 7 10 10 18 12 12 12 12 12 18 10 12 18 18 8 17 17 8 8 14 14 14 14 14 14 14 8 15 15 3 3 3 3 3 3 19 19 19 1 4 4 4 4 4 4 4 13 5 5 5 5 5 5 13 5 13 13 13 13 13 13 13 13 13 6 6 6 2 2 2 9 9 0 10 0 0 0 0 0 0 18 12 12 12 12 12 12 12 12 12 12 12 12 12 12 12 12 
16 12 12 12 16 16 12 16 12 12 12 16 12 16 12 12 12 12 12 12 12 16 16 12 12 12 12 12 12 12 12 12 12 0 0 17 8 8 8 8 8 8 8 8 8 15 15 15 15 15 3 3 3 5 5 19 1 1 1 1 1 1 1 1 1 5 13 5 5 5 5 6 6 6 6 6 6 6 6 6 13 13 13 13 9 10 7 18 9 10 10 10 10 12 12 12 12 12 12 12 12 12 12 12 16 12 12 12 12 12 16 16 16 16 12 12 12 
12 12 12 12 12 12 16 16 12 12 12 16 12 12 12 7 7 11 11 11 11 11 11 11 11 11 11 14 8 15 15 15 3 19 19 1 1 1 1 1 1 1 1 1 1 1 1 1 5 5 5 5 5 5 5 13 13 13 6 6 6 6 2 2 2 9 9 9 9 9 9 9 9 9 9 9 9 0 0 0 0 0 0 0 0 0 0 0 0 0 0 10 
12 12 12 18 18 18 18 12 12 12 12 18 12 16 12 12 12 16 16 16 7 11 11 11 11 11 14 8 8 2 3 3 3 3 3 3 19 19 19 4 4 4 4 4 4 4 4 1 1 1 1 5 5 5 5 5 5 5 10 2 6 6 0 2 9 9 9 10 10 10 0 12 10 0 10 12 18 12 12 12 12 18 18 18 12 18 12 12 18 18 18 12 
12 10 10 0 12 10 10 12 12 12 12 10 9 10 12 12 12 12 12 12 12 16 16 12 12 12 12 9 9 0 12 12 12 18 9 2 8 14 11 11 11 11 11 8 8 15 15 3 3 3 3 19 19 19 4 4 1 1 1 1 1 1 5 5 5 13 13 13 13 6 17 2 2 2 9 9 10 9 10 0 9 0 0 0 0 0 0 0 0 0 0 12 12 12 12 12 12 12 
12 12 12 12 16 12 12 12 12 12 16 12 12 12 12 12 12 12 12 12 12 12 12 12 12 12 12 12 12 18 10 18 18 8 8 17 8 8 14 14 14 11 11 11 11 8 8 15 15 15 15 15 3 3 3 3 19 1 6 6 6 6 6 1 1 1 1 1 4 4 4 4 4 4 4 4 4 4 4 4 1 1 6 6 6 6 6 2 2 2 2 0 9 9 9 10 9 10 12 12 12 12 12 12 12 12 12 12 12 12 12 12 12 12 12 12 
12 12 12 12 12 12 12 12 12 12 12 12 12 12 12 10 10 10 10 18 18 7 14 14 14 14 8 8 8 15 3 15 3 3 3 3 3 3 19 19 1 1 1 1 1 1 5 5 5 13 13 13 13 13 5 17 17 6 6 6 6 2 9 9 9 9 10 9 9 9 10 10 10 0 0 12 10 12 18 12 12 12 12 12 12 12 12 12 12 
18 18 12 18 18 18 18 12 18 18 12 18 12 18 12 12 18 12 16 18 12 12 18 12 12 12 18 18 18 12 16 18 18 12 12 18 16 18 18 18 12 0 2 8 14 14 14 14 14 14 14 14 14 8 17 3 3 3 3 3 3 3 3 19 19 19 19 19 4 19 19 19 19 19 19 19 19 19 19 19 19 13 13 13 13 13 13 13 13 13 13 13 13 5 2 2 2 2 9 10 10 10 10 10 10 0 0 0 0 0 0 0 0 0 0 0 0 0 0 18 0 18 18 18 0 
12 12 12 16 18 12 18 16 18 12 12 16 16 12 16 16 12 12 12 16 16 7 7 7 7 7 12 12 16 12 16 16 7 16 16 16 7 16 12 12 12 16 12 18 12 10 10 10 10 10 10 10 10 18 10 12 16 7 11 11 11 11 11 11 8 17 3 3 3 3 3 3 3 3 3 3 19 19 13 13 13 4 4 4 4 4 4 4 1 1 1 1 1 1 1 1 1 1 1 1 1 6 6 6 2 2 2 2 9 9 9 9 9 9 9 9 0 0 2 0 0 0 0 0 0 0 0 0 0 0 0 0 0 0 0 
0 18 18 18 18 18 18 18 18 18 18 18 18 18 18 18 18 18 18 18 9 8 11 11 11 11 11 11 14 14 8 15 3 15 3 3 3 19 19 19 19 19 19 19 19 19 19 19 13 13 13 13 13 13 13 13 13 2 2 2 2 2 9 10 10 9 10 10 10 10 10 10 10 10 10 10 10 10 10 10 10 18 18 18 18 18 10 
16 16 16 12 12 16 16 12 16 12 12 18 12 18 18 18 18 16 12 18 16 16 16 12 9 9 16 12 18 16 12 0 8 8 2 8 8 14 14 14 14 14 14 14 14 14 8 15 3 3 3 3 19 19 19 19 4 4 4 4 4 4 4 4 4 4 4 13 13 13 13 13 13 13 13 13 13 13 13 6 6 2 2 2 9 9 9 10 9 9 9 9 10 10 10 10 10 10 10 10 18 10 10 10 18 18 18 18 18 18 12 
9 9 9 9 9 9 9 9 9 9 9 12 12 12 12 12 18 9 16 7 16 7 14 14 11 11 11 11 11 11 14 8 8 15 15 15 17 5 19 1 1 1 1 1 1 1 1 1 1 1 1 1 1 5 5 5 5 5 5 5 5 5 5 6 6 6 6 6 2 2 2 2 9 2 9 9 9 9 9 9 9 9 9 9 9 9 12 12 12 12 9 9 12 9 12 9 10 12 12 
16 16 16 16 16 16 16 16 16 16 16 16 16 16 16 16 18 18 18 18 16 11 11 14 14 14 14 14 11 11 14 14 8 15 3 3 15 15 15 15 3 3 5 5 1 4 4 4 4 1 1 1 1 4 13 13 13 13 13 13 13 13 13 13 13 13 13 13 6 6 6 2 2 2 2 9 9 9 9 9 9 9 9 9 9 9 9 9 9 9 9 9 9 9 9 9 9 9 9 9 9 
12 12 12 12 12 12 12 12 12 12 12 12 12 18 12 12 12 12 12 12 12 12 0 9 2 2 8 8 14 14 14 14 14 14 14 14 14 14 8 15 15 3 3 3 3 19 19 19 19 19 1 1 1 1 1 1 1 1 1 19 13 13 13 5 5 5 5 5 5 5 5 5 5 5 5 13 9 9 9 9 10 9 10 12 12 12 12 12 12 10 12 12 12 12 12 18 12 12 12 12 12 12 12 
12 12 12 12 12 12 12 12 12 12 12 12 12 12 12 12 12 12 12 12 0 15 8 8 14 14 14 14 14 14 14 8 15 3 3 3 3 3 3 19 19 19 19 19 1 1 1 1 1 1 1 13 13 13 13 5 5 5 13 13 13 6 6 6 6 2 2 9 10 9 10 10 9 9 9 10 10 10 0 18 18 18 12 12 12 12 12 12 12 12 18 18 12 
12 12 12 12 12 12 12 12 12 12 12 12 12 12 12 12 12 12 16 16 18 16 7 11 11 11 11 11 11 11 7 16 15 3 3 3 3 3 3 3 19 19 1 1 1 4 4 4 4 4 17 4 4 4 4 4 4 4 13 13 2 2 2 2 2 2 2 2 2 2 9 9 9 9 9 9 9 9 9 9 10 0 0 0 0 0 0 0 0 0 18 12 12 
12 18 18 18 18 18 0 12 12 12 18 18 12 18 12 12 16 16 12 12 18 14 14 11 11 11 11 14 8 8 15 15 3 3 3 3 3 3 3 3 19 1 1 1 1 1 1 1 1 1 1 5 5 5 5 5 5 5 13 13 13 6 6 6 6 2 9 9 9 9 9 9 10 10 10 10 10 18 0 0 0 0 0 18 12 18 18 18 18 12 18 18 18 18 
16 16 12 16 12 12 12 12 12 16 12 16 12 12 16 12 0 0 2 0 0 14 14 14 11 11 11 11 14 8 15 15 15 15 15 3 3 5 5 5 5 1 1 1 1 1 1 1 1 5 5 5 5 5 5 5 5 5 5 5 5 6 6 6 6 6 2 2 9 9 9 9 9 9 9 9 9 9 9 9 9 9 9 9 10 0 0 0 0 10 10 0 0 0 0 10 0 0 0 
12 12 12 12 12 12 12 12 12 10 10 10 10 9 9 9 9 9 9 9 16 7 7 7 16 10 9 9 10 9 9 9 9 9 9 9 10 12 12 10 16 7 0 8 8 8 14 14 14 14 14 14 14 14 14 14 14 14 14 14 14 14 14 8 8 15 15 15 15 15 3 3 3 3 19 19 19 4 1 4 4 4 4 4 4 4 4 4 4 4 13 13 13 13 13 13 13 13 2 2 13 13 13 13 2 2 13 2 9 9 9 9 9 9 9 9 9 9 9 9 9 9 9 9 9 9 9 9 9 10 10 12 12 10 10 12 
12 10 12 12 12 12 12 12 12 12 12 12 12 12 12 12 18 9 9 10 18 7 14 14 14 14 14 14 14 14 14 14 14 14 8 8 15 15 15 15 15 15 3 1 1 1 1 1 1 1 1 1 1 1 1 1 1 1 1 1 1 1 1 1 1 1 1 1 1 1 1 1 6 6 6 6 6 6 6 6 6 6 13 13 13 13 13 13 13 9 9 9 9 9 9 9 9 10 9 10 10 9 9 12 12 12 12 12 12 12 12 12 12 12 12 12 12 12 12 12 12 12 12 12 12 12 12 12 12 12 12 12 12 12 12 12 12 12 9 9 12 12 12 12 12 12 12 12 12 12 12 12 12 12 12 12 12 12 12 12 12 12 12 12 12 12 12 12 
12 12 12 16 12 12 12 12 12 16 12 12 12 12 12 12 12 12 12 18 0 0 8 8 8 14 14 14 14 14 14 8 15 3 3 3 3 3 19 19 19 19 1 1 1 1 1 1 1 1 1 1 5 19 19 13 5 13 13 13 13 13 6 2 2 2 9 9 10 10 10 10 10 10 10 12 10 10 10 0 0 18 12 12 18 12 18 18 12 12 12 16 12 
0 0 0 18 10 18 18 18 16 16 16 16 16 16 16 16 16 16 16 16 16 7 7 11 11 11 11 11 11 11 11 11 8 8 15 15 15 3 15 3 3 3 3 19 19 19 13 13 13 4 4 4 13 19 19 19 13 13 13 13 13 13 13 13 13 13 13 13 6 6 6 2 9 12 12 10 10 0 0 0 0 0 0 0 0 0 0 0 0 0 0 0 0 0 0 0 0 0 0 0 0 0 0 0 
12 9 12 16 16 12 12 16 12 12 16 16 16 16 12 12 12 18 18 18 7 7 11 14 14 14 14 14 14 8 15 15 3 3 3 19 19 19 19 19 19 1 4 4 4 4 19 13 13 13 13 13 13 13 13 13 6 2 2 2 2 9 9 9 10 9 9 9 0 0 9 10 0 0 0 12 0 12 12 18 12 18 12 12 12 
18 18 18 16 16 16 12 12 16 16 16 12 18 18 18 18 18 16 18 7 7 14 11 11 11 11 11 11 11 8 17 15 5 3 3 3 3 3 3 3 3 19 19 6 6 6 1 1 1 1 1 1 1 1 19 13 13 13 13 13 13 13 13 13 13 13 13 13 6 2 2 6 2 2 2 2 2 9 9 10 10 10 9 10 10 9 10 9 10 10 10 10 10 10 10 10 12 10 10 10 10 10 
12 16 12 12 16 16 12 12 12 12 12 12 12 12 12 12 12 16 16 0 0 7 7 12 16 12 12 18 12 12 16 7 8 2 2 0 2 8 14 14 14 14 14 14 14 14 14 14 8 15 15 3 3 3 3 3 19 19 19 19 4 4 4 4 4 4 1 1 1 4 4 19 19 13 13 13 13 13 13 13 13 13 13 13 13 13 13 6 6 6 6 2 2 2 10 10 18 12 12 18 12 12 16 12 12 12 12 16 16 16 16 16 18 18 18 18 18 
12 12 12 12 12 12 12 12 12 12 12 12 12 12 12 12 12 12 12 9 9 9 9 9 9 9 9 9 9 9 9 10 10 12 12 12 0 0 0 2 8 8 8 8 8 8 14 14 8 8 8 15 15 15 3 5 1 1 1 1 1 1 4 1 1 1 1 1 1 1 1 1 1 1 13 13 6 6 6 6 2 2 2 2 2 9 9 10 10 12 12 12 12 12 12 12 12 16 12 12 12 12 12 12 12 12 16 16 
12 12 12 12 12 12 12 12 12 12 12 12 12 12 12 12 12 12 12 12 12 16 16 12 12 12 12 16 18 0 14 14 14 14 14 14 14 8 8 8 8 15 15 15 3 3 3 3 5 5 6 1 1 1 1 1 1 1 1 1 1 1 1 5 6 6 17 6 17 17 17 17 17 17 6 6 2 2 9 9 9 9 9 9 9 9 9 9 9 9 9 9 10 12 12 12 12 12 12 12 12 12 12 12 
