0 18 18 18 18 18 10 12 12 12 12 12 18 12 12 18 18 18 18 12 9 9 7 7 18 5 4 4 4 1 1 1 1 1 1 1 5 5 5 15 17 6 2 2 2 9 9 10 10 10 0 0 0 0 0 0 0 0 0 18 0 0 0 0 18 0 18 18 12 18 18 
18 18 12 18 18 18 18 18 18 18 18 18 12 18 18 18 18 18 18 18 18 7 7 7 18 9 2 6 4 4 4 4 4 4 4 4 1 1 1 1 19 19 19 3 3 3 3 3 3 3 3 3 15 15 15 15 15 15 15 15 0 9 10 10 10 12 10 18 12 12 18 18 18 18 18 18 18 18 18 18 18 18 18 18 18 18 18 12 
12 12 10 12 12 18 12 12 18 12 10 10 10 12 18 18 18 12 12 12 16 7 7 8 9 5 4 4 4 4 4 4 4 4 4 4 19 19 3 3 3 3 15 15 15 15 15 15 15 15 15 15 15 15 15 15 15 2 15 2 0 9 10 10 10 10 12 10 12 12 12 12 18 12 18 18 18 18 18 12 12 12 12 
18 18 18 18 18 18 18 18 18 18 12 18 16 18 18 18 16 18 18 12 18 18 18 10 10 0 18 18 18 18 18 18 12 12 12 18 16 16 18 0 0 2 2 5 13 13 4 4 4 4 4 4 4 4 4 4 1 1 1 19 5 3 3 3 3 3 15 15 15 15 15 15 15 15 15 15 15 15 15 15 15 0 10 10 0 10 10 10 18 18 18 18 18 10 18 18 18 18 18 18 18 18 18 18 18 18 18 
18 18 18 18 18 18 18 18 18 18 18 18 18 18 18 18 18 18 18 18 18 16 7 7 18 18 10 10 18 18 18 18 12 12 18 18 18 18 18 8 8 17 17 5 4 4 4 4 4 4 4 4 4 19 19 19 3 3 3 3 3 15 15 15 15 15 15 15 15 15 15 15 15 15 2 15 9 9 10 9 10 10 10 10 10 10 10 10 10 10 10 10 10 10 10 18 18 18 18 18 18 18 18 
10 10 12 12 10 10 12 12 12 10 12 10 12 12 10 10 10 12 10 10 9 10 8 8 17 17 17 17 8 8 8 8 8 8 17 17 1 1 1 1 5 5 5 5 3 15 15 15 15 15 15 15 15 15 15 15 15 15 15 15 15 0 9 9 9 9 9 9 10 10 10 10 10 10 10 10 10 10 10 10 10 10 10 10 10 10 10 10 
18 10 10 10 12 12 12 12 12 12 12 12 12 18 18 10 10 10 10 16 7 7 7 7 7 8 8 8 2 4 4 4 4 4 4 4 4 1 1 1 5 15 15 15 15 15 15 15 15 15 15 15 15 15 15 15 15 15 15 15 15 15 15 15 15 15 15 15 2 9 9 9 9 9 12 16 12 10 10 10 10 10 10 10 10 10 12 10 10 10 10 10 10 10 10 0 10 10 10 10 10 10 10 10 10 10 
12 16 12 18 12 12 12 12 12 12 18 12 12 18 18 12 12 12 18 18 18 18 9 10 16 16 10 10 10 9 18 18 7 7 7 7 7 7 8 8 5 19 19 4 4 4 4 4 4 1 1 19 19 19 19 3 3 3 3 3 15 3 3 3 3 3 3 15 15 15 2 15 15 15 2 2 2 0 7 0 18 18 0 10 0 0 0 0 0 0 0 0 0 18 18 18 18 18 18 18 18 18 18 18 18 18 18 18 
7 18 18 18 12 18 18 12 12 18 18 18 16 12 18 18 18 18 18 18 16 7 8 8 17 5 1 1 1 1 1 1 1 1 1 1 1 1 1 1 1 1 19 19 3 3 3 3 3 3 3 3 3 3 15 15 15 15 15 15 15 15 9 12 12 12 12 12 12 12 12 12 12 12 18 18 18 18 12 18 18 18 18 18 12 12 18 18 18 
18 18 18 18 18 18 18 18 18 12 10 18 18 12 10 18 18 10 10 10 11 11 7 7 7 10 9 16 7 7 18 10 10 18 18 18 12 12 16 16 12 0 0 0 7 7 7 7 7 7 7 7 7 7 7 7 8 17 19 19 1 1 4 4 4 4 1 1 1 19 19 19 19 19 3 3 3 3 3 3 3 3 3 3 3 3 3 15 15 15 15 15 15 12 0 12 9 9 9 9 9 9 2 9 2 2 2 2 2 2 2 2 2 2 2 2 2 2 2 2 2 2 2 2 2 2 2 2 2 2 2 2 2 2 2 2 0 0 0 0 0 0 0 0 0 0 0 0 0 0 10 16 10 0 0 0 0 0 18 18 0 18 18 18 18 18 18 18 18 12 18 18 18 18 18 18 18 18 18 18 18 
12 12 10 9 9 9 9 9 9 9 9 12 10 0 10 9 9 10 12 12 18 7 7 12 16 18 18 18 12 16 18 7 7 16 16 0 0 12 12 12 18 0 9 9 0 0 8 8 7 7 14 11 11 11 11 11 11 8 8 17 1 1 1 1 1 4 1 1 1 1 1 1 1 19 19 19 19 3 3 3 3 3 3 3 3 15 15 15 15 15 15 15 15 2 2 2 9 9 0 7 18 0 0 0 0 0 9 10 10 0 0 10 0 10 0 10 18 0 10 10 12 10 12 12 12 10 10 10 12 12 
18 12 18 18 18 18 18 18 12 18 18 18 18 0 18 18 18 12 9 12 0 9 9 18 12 18 12 12 18 18 12 18 18 8 8 17 4 4 4 4 4 4 4 4 4 4 4 4 1 5 2 17 15 15 3 15 15 15 17 15 15 15 15 3 3 9 9 0 0 0 0 18 0 10 18 18 12 12 18 12 18 18 12 12 18 12 12 18 10 12 12 18 12 
18 18 18 18 0 0 18 16 18 18 18 18 18 18 18 18 18 18 18 18 7 7 7 8 2 19 19 4 4 4 4 4 4 4 4 19 19 19 19 19 19 3 3 3 3 3 3 3 3 15 15 15 15 15 15 2 0 0 0 12 18 18 18 18 18 18 18 18 18 18 18 12 12 18 18 18 16 16 18 18 18 18 18 
12 12 16 18 16 12 12 12 12 12 12 16 18 10 10 10 10 12 12 12 18 8 8 5 5 4 4 4 4 4 1 1 1 1 17 17 15 15 15 15 15 15 15 15 15 15 15 15 15 15 15 15 15 0 0 0 9 9 9 9 10 9 9 10 10 10 10 10 10 12 12 10 12 12 12 12 12 18 12 12 12 
7 16 16 7 12 18 18 12 12 12 12 12 12 12 16 16 16 16 12 7 7 5 5 5 4 4 4 1 1 1 1 1 1 1 1 1 1 5 5 15 15 15 15 15 15 15 15 15 15 15 15 17 17 2 2 9 9 9 9 9 9 0 0 0 0 0 0 0 0 0 0 0 0 0 0 0 0 0 0 0 0 0 0 
18 18 18 18 18 18 18 18 18 18 18 18 18 18 18 18 16 18 18 18 16 7 7 14 8 17 13 4 4 4 4 4 4 4 4 4 4 19 19 19 19 3 15 15 15 15 15 15 15 15 15 15 0 12 12 12 12 12 12 9 9 10 10 10 10 10 10 10 10 10 10 10 10 10 10 0 18 18 18 18 18 18 12 
10 0 0 10 10 0 0 0 10 10 0 10 10 10 10 0 10 0 0 10 0 0 0 0 10 10 10 10 0 18 18 18 18 0 10 10 10 18 12 18 18 8 8 17 17 4 4 4 4 4 1 1 19 5 3 3 3 3 3 15 15 15 15 9 13 9 9 9 0 10 10 12 10 10 18 18 18 18 18 18 18 18 12 12 18 18 18 12 18 18 18 18 18 10 
12 16 18 16 16 16 12 12 12 12 18 12 18 18 10 10 18 18 18 16 12 16 7 7 8 17 5 13 4 4 4 4 4 4 4 4 4 4 4 4 4 4 4 4 1 19 19 19 3 3 3 15 15 15 15 15 15 15 15 15 15 15 15 15 9 0 15 0 9 9 12 12 12 18 18 18 12 12 18 18 12 18 12 12 12 12 12 16 18 18 16 18 18 
12 18 12 12 12 12 12 12 12 12 12 18 18 12 12 12 12 12 16 16 12 0 0 0 12 18 18 18 18 18 18 7 7 18 10 10 10 18 18 18 7 18 17 1 1 1 1 1 1 1 1 1 1 1 1 1 19 19 19 3 3 3 3 3 3 15 3 15 15 15 15 15 9 9 9 9 10 10 0 0 10 0 0 0 0 0 0 0 0 0 0 0 0 0 0 0 0 0 0 0 0 
18 18 18 18 16 16 16 16 18 18 18 16 18 18 18 18 18 18 16 18 7 7 8 2 19 19 4 4 4 4 4 4 4 4 4 19 19 19 19 19 19 3 3 3 3 3 3 3 3 15 15 3 3 15 15 15 15 8 15 15 15 15 15 0 0 0 18 16 18 18 18 10 0 0 0 0 0 0 0 0 7 8 0 0 0 18 0 18 
16 16 16 16 16 18 16 16 16 16 10 10 18 16 16 16 16 16 16 16 16 7 11 7 16 16 16 16 16 16 16 0 8 8 9 4 4 4 4 4 4 4 4 4 4 4 4 4 4 4 19 19 19 19 19 3 3 3 3 3 15 15 15 15 15 15 9 9 12 9 0 18 0 0 0 0 0 0 0 0 0 0 0 0 0 0 0 18 18 18 0 18 18 18 
18 18 18 18 18 18 18 18 18 18 18 18 18 18 18 18 18 18 18 18 18 11 11 7 18 10 18 18 18 18 18 18 18 18 18 18 18 18 18 10 10 18 18 18 18 18 18 18 18 18 10 0 2 0 18 8 8 8 17 4 19 19 19 19 19 19 19 3 3 3 3 3 3 3 3 3 3 3 3 15 0 3 15 15 9 9 9 10 10 10 10 10 10 10 10 10 10 10 10 10 10 10 10 10 10 10 10 10 10 10 10 10 
18 18 18 18 18 18 18 18 18 18 18 18 18 18 18 18 18 18 18 18 18 7 10 16 16 9 18 18 0 18 18 8 7 18 8 8 8 8 8 8 8 5 4 4 4 4 4 4 4 4 19 19 19 3 3 3 3 3 3 3 3 3 15 15 15 3 15 2 2 2 2 9 9 9 9 9 10 10 10 9 10 10 10 10 9 12 9 10 0 0 10 0 18 10 0 0 0 0 0 0 0 18 10 18 18 10 10 18 18 0 0 0 0 0 0 0 
10 10 10 10 10 9 9 9 9 9 9 9 9 9 9 9 9 9 9 9 10 10 10 10 10 10 10 10 10 10 10 10 18 12 10 10 18 10 10 10 10 10 10 10 10 9 9 9 9 9 10 0 18 18 0 12 12 18 7 7 10 12 12 16 7 8 8 17 1 1 1 1 1 1 1 1 1 1 1 1 1 1 17 17 15 15 15 15 15 15 15 15 15 15 15 15 15 15 15 15 15 15 15 8 15 15 0 16 0 9 9 0 10 18 10 10 0 9 0 0 0 0 0 0 0 0 0 10 10 9 10 10 0 0 10 0 10 9 9 9 10 10 0 0 0 0 0 0 9 9 18 18 7 18 10 10 9 9 0 12 18 12 10 0 10 0 10 0 0 0 0 0 9 0 0 0 0 0 0 0 0 9 9 
18 18 18 18 18 18 18 18 18 18 16 16 16 16 18 18 18 18 16 18 18 18 18 2 19 19 4 4 4 4 4 4 4 19 19 19 3 3 3 3 3 15 15 15 15 15 15 15 15 15 15 15 15 15 2 2 2 0 0 0 10 10 10 10 10 18 18 18 18 18 18 18 18 18 18 18 18 18 18 18 
18 18 18 18 12 12 18 18 12 12 18 16 18 18 18 18 18 0 0 0 18 8 8 8 5 19 4 4 4 4 4 4 4 4 4 4 19 19 5 5 17 17 17 17 15 15 15 15 15 15 15 15 15 15 15 15 0 0 0 10 10 12 12 18 18 12 12 12 18 12 12 12 12 18 12 12 18 18 12 12 18 18 12 
18 18 12 12 18 18 18 12 12 12 18 18 18 18 18 18 10 18 18 10 10 10 10 18 0 0 18 7 18 18 0 10 10 10 10 10 10 10 2 2 2 10 0 0 18 18 18 18 7 7 8 5 4 4 4 4 4 4 1 1 1 19 19 3 3 3 3 15 15 3 3 3 15 15 15 15 15 15 15 0 0 18 0 0 0 0 0 9 12 0 10 10 9 10 10 10 10 10 10 10 18 10 10 10 12 18 12 18 18 10 10 10 
12 12 12 12 12 12 12 12 12 12 12 12 12 12 12 12 12 12 18 12 12 12 18 18 0 0 12 12 9 18 7 7 8 7 7 7 7 16 16 9 5 1 4 4 4 1 1 1 1 1 1 1 1 1 5 3 3 3 3 3 3 3 15 15 15 15 15 15 15 9 9 9 9 9 9 9 9 9 9 10 0 10 10 0 0 0 12 12 18 18 12 18 12 12 12 12 
18 18 18 18 18 18 18 18 18 18 18 18 18 18 12 18 18 18 18 18 12 12 18 18 18 18 18 18 18 18 18 7 7 16 18 10 18 10 0 0 0 18 18 7 8 8 13 4 4 4 4 4 4 1 1 1 19 19 19 3 3 3 3 3 3 3 3 3 3 3 15 13 2 2 2 9 10 10 10 10 10 10 10 10 10 0 0 0 0 18 0 0 18 18 0 18 18 0 18 18 0 
12 12 12 12 12 12 12 12 12 12 12 12 12 12 18 10 16 7 16 12 7 11 7 7 7 7 7 8 17 5 13 4 4 4 4 4 4 1 1 1 1 1 5 5 5 15 15 15 15 15 15 15 15 15 15 15 15 15 15 15 15 15 15 15 15 9 9 9 9 9 9 9 9 9 9 9 10 10 10 10 10 10 10 12 10 0 10 10 0 0 0 0 0 0 
12 12 12 12 12 12 12 12 12 12 12 12 12 12 12 12 18 10 10 9 10 9 9 9 9 7 7 9 9 9 9 9 9 9 9 9 9 10 12 0 9 18 7 7 7 7 7 7 7 7 7 7 7 7 7 7 7 8 8 17 17 17 17 17 6 6 4 4 4 4 1 1 1 1 1 1 1 5 15 15 15 15 15 15 15 15 15 15 15 15 15 15 15 15 15 9 9 9 0 9 9 9 9 9 9 9 9 9 9 9 9 9 9 9 9 9 9 9 9 9 0 0 0 0 
12 12 12 12 12 12 12 12 12 10 10 12 12 12 12 12 18 10 10 10 10 18 10 18 10 8 8 8 0 0 9 10 2 4 4 4 4 4 1 1 1 1 1 1 17 3 3 3 3 3 15 15 15 15 3 15 15 15 15 15 15 15 15 15 15 15 15 15 15 15 15 0 0 9 9 9 9 9 9 9 9 9 10 10 10 18 10 10 18 18 18 12 18 18 18 12 12 16 18 18 12 12 12 12 12 12 
18 16 18 12 18 12 12 16 16 18 16 18 12 12 18 12 12 18 18 18 18 8 8 5 5 19 17 1 4 4 4 4 1 1 1 1 1 1 19 3 3 3 3 3 3 3 3 3 15 15 3 15 2 9 0 12 18 10 0 0 0 0 0 18 10 0 18 10 18 18 18 18 18 18 18 18 18 18 18 12 12 
18 18 18 16 18 18 16 16 16 16 16 16 16 16 7 10 9 10 18 18 7 16 16 16 16 7 7 7 7 7 8 13 4 4 4 4 4 4 4 4 4 19 19 19 19 13 13 3 3 2 15 15 15 15 15 15 15 15 15 9 12 12 16 18 10 10 0 0 0 0 0 0 0 0 0 0 0 0 0 0 0 0 0 0 0 0 0 
18 18 18 18 18 18 18 18 18 18 18 18 18 18 18 18 18 18 18 0 9 9 9 0 0 10 10 0 0 0 18 10 18 18 18 18 18 18 18 18 16 18 0 18 18 18 18 18 7 8 8 8 17 5 4 4 4 4 4 4 4 19 19 19 19 19 19 19 3 3 3 3 3 3 15 15 15 9 9 0 0 0 0 0 0 0 0 0 0 0 18 18 18 18 18 18 18 18 18 18 18 18 16 18 
18 18 18 18 18 18 18 18 18 18 18 18 18 18 0 18 10 0 18 18 18 18 18 8 5 13 19 19 19 19 4 19 19 4 1 19 19 19 19 19 19 19 3 3 3 3 3 3 15 15 15 15 15 15 15 15 8 7 7 18 18 18 18 18 18 18 18 10 10 10 18 18 10 10 10 10 10 10 10 0 10 18 10 10 18 10 10 10 10 
12 12 12 12 10 10 10 10 10 10 10 18 18 18 18 7 7 7 7 7 7 7 7 7 7 8 10 9 2 2 4 4 4 4 4 4 4 4 4 4 1 1 5 5 5 3 3 3 3 3 3 3 3 3 15 3 15 15 3 6 6 6 2 2 2 10 10 18 18 12 18 18 12 10 12 12 18 12 12 12 18 12 18 12 12 18 18 18 18 18 12 12 
10 10 10 10 9 9 9 10 18 18 10 18 10 10 10 16 16 16 16 16 18 18 18 8 15 2 5 17 17 1 4 4 4 4 4 4 19 19 19 2 2 15 15 15 15 15 15 15 15 15 15 15 15 15 15 15 15 15 2 9 9 10 10 10 10 10 18 18 10 10 10 18 18 18 18 18 18 18 18 18 18 18 18 18 18 
12 12 12 12 12 12 12 12 12 10 10 12 12 12 12 12 12 12 18 18 16 11 7 16 16 10 10 10 10 10 10 12 10 0 0 0 18 18 16 7 7 7 8 17 4 4 4 4 4 1 1 1 1 1 1 1 3 3 3 3 3 3 3 3 3 15 15 15 15 15 15 15 15 15 15 15 15 15 15 9 9 9 9 9 9 9 9 10 9 9 10 10 10 10 10 10 10 10 10 10 10 12 10 12 12 9 
