16 16 16 16 16 8 8 8 8 8 8 8 8 8 2 10 10 10 10 12 10 10 10 10 10 10 10 10 10 8 8 14 14 14 14 14 10 10 14 14 14 3 3 14 14 14 14 13 13 13 13 13 13 13 13 13 13 13 13 7 7 7 7 1 1 1 1 1 1 7 7 7 7 7 1 
16 16 16 16 16 16 16 16 16 16 16 16 16 16 16 16 2 2 2 2 12 12 12 12 12 12 12 12 12 12 10 10 10 2 10 10 10 10 10 10 10 10 10 10 14 14 14 8 8 8 8 8 8 8 8 13 13 13 7 7 7 7 7 7 7 7 7 7 7 7 7 7 
15 15 15 15 15 15 15 15 15 15 15 15 15 15 15 15 15 15 15 15 15 15 15 15 15 15 15 15 15 15 15 15 15 15 15 15 15 15 4 4 4 4 4 4 4 4 4 4 4 4 4 4 4 4 4 4 4 4 4 4 4 4 4 4 17 17 17 17 17 17 17 17 19 19 19 19 19 19 19 6 19 19 19 19 19 0 0 0 0 18 18 18 18 18 18 18 18 18 18 18 18 18 18 18 18 18 18 18 18 18 18 18 18 18 18 18 18 18 
6 6 19 6 6 6 12 12 12 12 10 10 10 10 10 19 19 19 19 4 4 4 4 17 17 17 17 17 18 18 18 17 17 17 17 17 18 18 18 18 18 18 18 3 3 3 3 3 3 9 9 11 11 11 11 11 11 11 11 11 11 11 11 11 
8 2 2 2 2 2 2 2 16 16 16 16 16 16 16 16 16 16 16 16 16 16 16 16 16 16 8 8 8 8 8 8 8 2 2 2 2 2 2 2 2 2 2 2 12 12 12 12 12 12 12 12 12 12 12 10 10 10 10 10 10 10 10 10 10 10 10 10 10 10 10 10 10 10 0 3 3 3 14 14 14 14 14 8 8 8 8 8 8 13 13 13 13 7 7 7 7 7 1 1 1 1 1 1 9 9 9 9 7 7 7 
0 0 0 0 19 19 19 19 19 19 19 0 0 0 0 0 0 0 0 0 0 17 17 17 17 17 17 17 17 17 17 17 0 18 18 18 18 18 18 18 18 18 18 18 18 18 18 18 18 18 18 18 18 18 18 18 18 18 11 11 11 11 11 11 11 11 11 11 11 
16 16 16 16 16 5 5 15 12 12 12 12 19 10 2 8 8 8 14 9 9 3 14 14 
16 16 16 16 16 16 16 16 16 16 16 16 16 16 16 16 16 16 16 16 16 16 16 16 16 16 16 16 16 16 16 16 16 16 16 16 16 16 16 16 16 5 5 5 5 5 5 5 5 5 5 5 5 5 5 5 15 15 15 15 15 15 5 5 5 5 5 5 5 5 5 5 5 5 5 12 12 12 12 12 12 6 6 6 6 6 6 6 6 6 10 10 10 10 2 8 8 8 8 8 8 8 8 8 8 8 8 8 8 8 8 8 16 8 8 8 8 8 8 13 13 13 13 13 13 13 7 7 7 7 14 3 3 3 0 0 0 0 0 0 0 0 0 10 14 14 14 13 13 13 13 13 13 13 13 
16 5 16 16 16 16 5 5 5 12 12 2 12 12 10 10 8 8 16 16 16 8 13 7 7 14 14 14 13 13 
2 2 2 2 2 2 2 2 8 8 8 8 8 8 8 2 2 10 10 10 10 10 10 10 6 6 6 6 19 19 19 19 19 19 19 19 19 19 19 19 10 10 10 10 10 19 0 0 0 0 0 0 0 0 0 0 3 3 3 3 3 3 3 14 14 14 14 14 14 13 13 13 13 13 13 13 7 7 7 7 7 7 7 7 7 1 1 9 9 11 11 11 11 11 9 9 9 9 9 9 9 1 1 1 
2 12 12 12 12 2 2 2 2 2 16 2 2 2 2 2 2 12 12 12 6 6 6 19 19 19 19 19 19 19 19 19 19 19 19 19 19 19 19 0 0 0 0 0 0 0 3 3 14 14 14 14 14 14 14 14 14 14 14 14 7 7 7 9 9 9 9 9 9 9 9 9 9 9 9 9 
16 16 16 16 16 16 16 8 8 8 8 8 2 2 2 2 12 12 6 19 19 19 19 19 10 10 10 10 10 10 10 10 10 0 0 0 3 3 3 3 3 14 14 14 14 13 13 13 13 13 13 13 7 7 7 7 1 1 1 1 9 9 9 9 9 9 1 1 1 
8 2 2 2 2 16 16 16 8 8 8 8 8 8 8 2 2 2 12 12 12 12 6 6 6 6 19 19 19 19 10 10 10 10 10 10 10 0 0 0 0 0 3 3 3 3 9 9 7 7 13 13 13 13 13 13 13 13 7 7 7 7 7 1 1 1 1 1 11 11 11 11 11 11 11 9 9 9 1 1 11 
12 12 5 5 5 5 16 16 16 16 16 2 2 2 2 2 2 12 12 12 12 12 6 6 6 6 6 6 6 6 6 6 10 10 10 10 19 19 19 19 19 19 19 19 0 0 0 10 10 14 14 8 8 8 8 8 8 8 8 13 13 13 13 13 7 7 7 7 7 7 9 9 9 3 3 3 3 14 9 9 7 
12 2 5 16 16 16 16 2 2 2 12 12 12 6 6 6 6 19 19 19 19 19 19 19 19 0 0 0 0 0 3 3 14 14 13 13 8 13 13 13 7 7 1 1 1 1 11 11 11 9 9 9 1 1 1 
2 2 2 2 16 16 2 2 2 12 12 12 6 19 19 19 10 10 10 10 10 19 0 0 3 3 14 14 14 8 8 13 13 7 7 7 1 1 11 11 11 11 9 9 9 1 
5 5 5 16 16 16 5 5 5 12 12 12 12 12 12 12 6 6 19 19 10 10 2 2 2 2 8 8 13 13 7 9 9 9 3 3 3 9 
2 2 2 2 2 16 16 16 16 2 2 12 12 12 12 6 6 6 6 19 19 19 10 10 10 10 10 19 19 0 0 0 3 3 3 3 14 14 14 8 8 13 13 13 7 7 7 7 1 1 11 11 11 9 9 9 9 9 9 1 
16 16 16 16 16 16 16 16 16 16 16 16 16 16 5 5 5 5 12 15 12 12 12 12 12 2 2 2 2 2 12 10 10 19 0 0 14 14 14 8 8 8 8 8 8 13 13 13 7 7 7 7 7 9 9 9 9 9 7 7 7 7 
5 5 5 5 5 5 5 12 12 12 12 12 12 12 6 6 6 6 15 15 15 15 15 15 15 15 4 4 4 4 4 4 4 4 4 4 4 4 4 4 4 4 4 17 17 17 0 0 0 10 10 10 10 10 10 10 10 3 3 3 3 18 0 0 0 0 3 
15 15 15 15 15 6 6 6 6 6 6 6 6 6 6 6 6 6 6 6 6 6 4 4 4 4 4 4 4 4 4 4 4 4 4 4 4 4 4 4 4 4 4 4 4 4 4 4 4 4 4 17 17 17 17 17 17 17 17 17 19 19 19 19 19 19 0 0 0 0 0 18 18 18 18 18 18 18 18 18 18 18 18 18 18 18 18 
10 10 10 10 10 10 14 14 14 14 10 0 0 0 0 3 3 3 3 3 18 18 18 18 9 9 9 7 7 1 1 1 1 1 9 9 9 1 1 
2 2 12 12 12 12 5 5 5 5 5 5 5 5 5 5 5 16 16 16 16 16 2 2 2 2 2 2 2 12 12 12 12 12 12 12 15 15 15 15 15 15 15 15 15 15 15 15 4 4 4 4 4 6 6 6 6 6 19 19 19 19 19 19 19 19 19 19 19 19 19 19 19 19 19 17 17 17 17 17 0 0 0 0 3 3 3 3 14 14 14 14 14 8 8 8 8 8 8 8 14 14 14 9 9 9 9 9 9 9 9 9 9 18 11 11 11 11 11 11 11 9 9 9 
5 5 5 5 5 5 5 5 5 5 5 16 16 16 16 16 16 16 16 16 16 16 16 16 16 16 16 16 16 2 2 2 2 2 5 5 5 5 5 5 5 5 5 5 5 5 5 5 5 5 15 15 15 15 15 15 15 15 15 15 15 15 15 15 15 15 15 15 6 6 6 6 6 6 6 6 6 12 12 12 12 12 12 12 6 6 6 6 6 6 6 6 6 6 6 6 19 19 19 19 19 19 19 19 19 19 19 19 19 10 10 10 10 10 10 10 10 10 10 2 2 2 2 2 2 2 2 2 2 2 2 2 8 8 14 14 14 14 14 14 14 9 9 9 9 9 9 9 3 3 3 3 14 14 14 14 14 14 14 
12 12 2 2 2 2 12 12 12 6 6 6 6 6 6 6 6 19 19 19 19 0 10 10 10 2 10 10 14 14 14 9 3 3 3 3 3 14 
16 16 16 16 16 16 16 16 16 16 16 16 16 16 16 16 16 16 16 16 16 16 16 16 16 16 16 16 16 16 16 16 16 16 5 5 5 5 5 5 5 5 5 5 5 5 5 5 5 5 5 5 12 12 12 12 12 12 2 2 2 2 2 2 12 12 12 12 12 12 12 12 12 12 2 2 2 2 2 8 8 8 8 8 16 16 16 16 16 8 8 8 8 8 8 8 13 13 13 13 13 13 13 14 14 14 14 14 14 8 13 13 13 13 13 13 
2 2 2 16 16 16 16 16 16 2 8 8 2 2 2 2 2 2 12 12 12 12 12 12 12 12 15 15 15 15 6 6 6 6 6 6 6 19 19 19 19 19 19 19 19 19 19 19 19 0 0 0 0 0 0 10 10 14 14 14 14 14 14 14 14 13 13 14 14 7 9 9 9 3 14 14 14 14 14 14 7 7 7 
8 8 8 2 2 2 2 2 2 2 16 16 16 16 16 16 16 16 16 16 16 8 8 8 8 8 8 8 8 8 8 2 2 2 12 12 12 12 12 12 6 6 6 6 6 6 6 6 19 19 19 19 10 10 10 10 10 10 10 0 0 0 0 3 3 3 3 3 3 9 9 14 14 13 13 13 13 13 13 13 13 13 7 7 7 1 1 1 1 1 1 1 1 1 1 1 1 1 1 1 1 
2 2 16 16 16 16 16 8 8 2 2 2 2 12 12 12 12 12 6 6 6 6 6 19 19 19 10 10 10 19 19 19 19 19 19 0 0 0 3 14 14 14 14 14 8 8 8 8 13 13 13 13 13 7 7 7 7 9 9 9 9 9 9 9 9 9 7 7 7 7 
8 8 8 8 8 8 8 8 8 8 8 8 8 8 10 10 10 10 10 10 10 10 0 0 3 3 14 14 14 14 14 14 14 14 3 3 3 3 3 3 9 9 9 7 7 7 7 13 13 13 13 13 13 13 7 7 7 7 1 1 1 1 1 1 1 1 1 1 1 1 1 1 1 1 
16 16 16 16 16 16 16 16 16 16 16 16 8 16 16 16 2 2 12 12 12 12 12 6 6 6 6 6 12 10 10 10 10 10 10 10 12 10 10 19 19 19 0 0 0 3 14 14 14 13 13 13 8 8 8 8 13 13 13 13 7 7 7 7 9 9 9 9 9 9 9 9 7 7 7 
16 16 16 16 16 16 16 8 8 8 8 2 2 2 2 10 10 10 8 8 8 8 8 8 10 10 14 14 14 13 13 13 13 13 8 13 13 13 13 7 7 7 1 1 1 1 7 7 7 7 7 
2 16 16 16 16 16 8 8 8 8 8 2 2 2 2 12 12 12 12 6 6 19 10 10 10 10 10 10 10 10 10 0 0 0 0 0 3 3 9 9 9 7 13 13 13 13 13 13 13 7 7 7 1 1 1 1 1 11 11 11 11 11 11 1 1 1 1 
8 8 8 8 8 8 8 8 8 8 8 8 13 13 8 8 8 8 8 10 10 10 10 10 10 10 0 0 0 3 3 3 14 14 14 14 14 14 3 3 3 3 3 3 3 3 9 9 9 7 7 7 7 13 13 13 7 7 7 7 7 1 1 1 1 1 1 11 11 11 11 1 1 1 1 1 
5 5 5 5 5 5 16 16 16 16 16 16 16 16 16 16 2 2 2 2 2 12 12 12 12 12 12 15 15 15 15 15 15 15 6 6 6 6 6 6 6 6 6 6 6 6 6 6 6 19 19 19 19 19 19 0 0 0 0 0 0 0 0 0 10 10 10 10 10 10 10 10 10 10 14 3 3 9 9 9 9 9 9 11 11 11 11 11 11 11 9 9 9 9 9 
16 16 16 16 16 16 16 16 16 16 16 16 16 16 2 2 2 2 2 2 12 12 12 12 12 12 12 12 12 15 6 6 6 6 6 6 6 6 6 6 6 6 6 6 6 6 19 19 19 19 19 19 0 0 0 0 0 0 3 3 14 14 14 14 14 14 14 14 14 14 14 14 9 9 9 9 9 9 9 9 9 9 9 9 9 
2 2 2 2 2 2 2 16 16 16 16 16 16 8 8 8 8 8 2 2 2 2 12 12 12 12 12 12 12 6 6 15 15 15 6 6 6 6 6 6 6 19 19 19 19 19 19 19 19 19 19 0 0 0 0 0 0 0 3 3 3 3 3 3 3 14 14 14 14 14 14 14 9 9 9 9 1 1 11 11 11 11 11 11 11 9 9 1 1 
10 10 12 10 10 2 2 2 2 10 10 10 10 10 10 19 19 19 19 6 6 6 19 19 19 19 17 17 0 0 0 0 0 0 17 17 17 17 18 18 18 18 3 3 3 3 3 3 3 3 3 3 9 9 9 9 11 11 11 11 11 18 18 18 9 9 9 11 
10 10 10 10 10 2 2 8 8 8 8 8 8 8 8 14 14 14 10 10 10 10 19 19 19 6 6 6 6 19 19 19 17 17 17 17 0 0 0 0 0 0 0 0 0 17 18 18 18 18 18 18 18 18 3 3 3 3 3 3 9 9 9 11 11 11 11 11 11 11 11 11 11 11 11 11 11 
6 6 6 6 12 12 12 12 12 12 12 12 12 12 12 12 12 6 6 6 6 15 15 15 15 15 4 4 4 4 4 4 4 4 4 6 6 6 6 4 4 4 4 4 17 17 17 19 19 19 19 19 19 19 19 19 19 19 0 3 3 18 18 18 18 18 18 18 18 18 18 18 
4 4 4 4 4 4 4 4 19 19 4 4 4 4 4 4 4 4 4 4 4 4 4 4 17 17 17 17 17 17 17 17 17 17 0 0 0 0 0 18 17 17 17 17 17 18 18 18 18 
10 10 10 10 10 12 12 12 12 2 2 2 2 2 10 10 10 10 10 19 19 19 19 19 19 19 19 19 19 19 0 0 0 0 0 0 0 0 0 0 18 18 18 18 3 3 3 3 14 14 14 14 14 9 9 9 1 1 11 11 11 11 11 11 9 9 9 9 
12 12 12 12 12 12 12 12 12 12 12 12 12 12 12 12 12 12 12 12 12 6 6 6 6 6 6 6 6 6 6 6 6 6 19 19 19 19 19 19 19 19 19 19 19 0 0 0 0 0 0 10 10 10 10 10 10 10 3 3 3 3 18 18 18 18 18 18 3 3 3 3 3 
12 12 12 12 12 12 12 5 5 5 5 5 5 2 2 2 2 2 12 12 12 12 12 6 6 6 6 6 6 6 6 6 6 6 19 19 19 19 19 0 0 0 0 0 10 10 10 10 10 10 10 14 14 14 9 9 9 9 9 9 9 3 9 9 9 
12 12 12 12 12 12 12 12 12 12 12 12 2 12 12 12 12 15 15 15 15 15 15 15 6 6 6 6 6 6 6 6 6 6 19 19 19 19 19 19 19 10 10 10 10 10 10 10 14 14 9 9 9 3 3 3 3 3 3 3 3 
12 5 5 5 5 5 5 5 5 16 16 16 2 2 12 12 12 12 15 15 6 6 6 6 6 6 6 6 6 6 19 19 19 19 10 10 10 2 8 8 8 8 13 13 13 7 9 9 9 9 9 9 9 9 9 
2 2 2 2 2 2 2 16 16 16 16 16 16 16 2 2 2 12 12 12 12 6 6 6 6 6 6 6 6 19 19 19 19 19 19 19 19 0 0 0 10 10 14 8 8 8 8 13 13 7 7 7 1 1 9 9 9 9 9 9 7 
19 19 19 19 19 19 19 6 6 12 12 2 2 2 2 10 10 10 10 10 10 19 6 6 6 6 6 19 19 19 19 19 19 19 0 0 17 17 17 17 0 0 3 3 3 3 14 14 14 14 3 9 9 9 9 9 11 9 9 9 9 9 9 9 
2 2 2 2 2 16 16 16 16 8 8 8 8 8 8 2 2 2 10 12 6 6 6 6 19 19 19 19 10 10 10 10 0 0 0 0 3 3 3 3 3 9 14 14 14 13 13 7 7 7 1 1 1 1 1 1 1 11 11 11 1 1 1 
10 12 12 12 12 12 2 2 2 10 10 6 6 6 19 19 19 0 0 0 0 0 0 0 3 3 14 14 14 9 9 1 11 11 11 11 11 11 11 
14 14 10 10 10 10 2 8 8 8 8 14 14 14 10 10 19 19 19 19 19 0 0 0 0 0 0 0 18 18 18 18 18 3 3 14 14 9 7 1 1 1 1 11 11 11 11 11 11 1 
2 2 2 2 2 8 8 8 8 8 14 14 14 14 14 14 10 10 10 10 10 19 19 19 19 19 19 0 0 0 0 10 10 10 10 3 0 3 3 3 3 3 3 3 9 9 9 9 9 9 9 7 7 7 7 7 7 7 7 1 1 1 1 1 1 1 1 1 1 1 11 11 11 1 1 1 1 1 
17 17 17 17 17 17 17 17 17 17 17 17 17 17 17 17 17 17 17 17 17 17 17 17 17 17 17 17 17 17 17 17 17 17 17 17 17 17 17 17 17 17 17 17 17 17 17 17 17 17 17 17 17 17 17 17 17 17 17 17 17 17 17 18 18 18 18 18 18 18 18 18 18 18 18 18 18 18 18 18 18 18 18 18 18 18 18 18 18 18 18 18 18 18 18 18 18 18 18 18 
0 19 19 19 19 19 19 19 19 19 19 19 0 0 0 0 19 19 19 19 4 4 17 17 17 17 17 17 17 17 17 17 17 17 17 17 17 17 17 18 18 18 18 18 18 18 0 0 0 0 0 18 18 18 18 11 11 11 11 11 11 18 18 18 18 18 11 11 
15 15 15 15 15 15 15 15 15 15 15 15 15 15 15 15 15 15 15 15 15 15 15 15 15 15 15 15 15 15 15 15 15 15 15 15 15 15 15 15 15 15 15 15 15 15 15 15 15 15 15 15 15 15 15 15 4 4 4 4 4 4 4 4 4 4 4 4 4 6 6 6 6 6 6 6 6 6 6 6 6 6 6 6 6 19 19 19 19 0 0 0 0 0 0 0 0 0 19 19 19 19 19 19 19 19 19 10 10 10 10 10 
4 4 6 19 19 19 19 19 19 19 19 4 4 4 4 4 4 4 4 4 4 17 17 17 17 17 17 17 17 17 17 17 17 17 17 17 17 17 17 17 0 0 0 18 18 18 18 18 18 18 18 18 18 18 18 18 18 18 18 18 
12 12 12 12 12 12 12 12 2 2 2 2 2 10 10 10 10 10 10 10 19 19 6 6 6 6 6 6 6 6 4 4 19 19 19 19 19 19 19 19 19 19 19 19 19 19 0 0 17 17 17 17 17 17 18 18 18 3 3 3 3 3 14 14 14 3 3 3 9 9 9 9 11 11 11 11 11 11 11 11 11 11 11 11 11 11 11 11 11 11 11 
5 5 5 5 5 5 5 5 5 5 16 16 16 16 16 16 2 2 12 12 12 12 12 5 5 15 15 15 15 15 15 15 15 6 6 6 6 6 6 12 12 12 12 12 12 12 6 6 6 6 6 6 19 19 19 19 19 19 10 10 10 10 2 8 8 8 8 14 14 14 14 14 7 7 7 14 14 14 3 3 3 3 3 3 9 9 9 9 7 7 
12 12 12 12 12 12 12 12 12 2 2 2 2 2 2 2 10 10 10 10 10 10 6 6 6 6 6 6 6 6 19 19 19 19 19 19 19 19 19 19 0 0 0 0 0 0 0 0 0 0 0 18 18 18 18 18 3 3 3 3 3 14 14 14 14 14 3 9 9 9 9 9 11 11 11 11 11 11 11 11 11 11 11 11 11 11 11 1 
12 12 12 12 12 2 2 2 2 2 2 2 12 12 12 12 6 6 6 6 6 6 19 19 19 19 10 10 10 19 19 19 19 19 19 0 0 0 0 0 3 14 14 14 14 14 14 14 14 14 9 9 9 9 9 9 3 3 18 18 9 9 9 9 9 9 
12 12 12 12 12 12 12 12 12 12 12 6 6 6 6 6 6 6 4 4 4 19 19 19 19 19 19 19 19 19 19 17 17 17 17 0 0 0 0 0 10 0 0 3 3 3 3 9 3 18 18 18 18 18 18 18 18 18 9 9 9 
12 12 12 12 12 12 12 12 2 2 2 2 2 12 12 12 12 12 6 6 6 6 6 6 6 6 6 6 6 4 6 19 19 19 19 19 19 19 19 19 19 19 19 19 19 19 19 19 0 0 0 0 0 0 0 10 10 10 10 10 10 3 3 3 3 9 9 9 9 9 9 9 3 3 18 18 18 18 18 18 9 9 9 9 
12 12 12 12 12 12 12 12 12 12 12 12 12 12 12 12 6 6 6 6 6 6 6 6 6 6 4 4 4 4 4 19 19 19 19 19 19 19 19 19 19 19 19 19 19 19 19 17 17 17 0 0 0 0 0 0 0 10 10 10 10 10 10 3 3 3 9 9 9 9 9 9 9 18 18 18 18 18 18 11 11 9 9 
12 12 12 12 12 12 5 12 12 12 12 12 12 12 12 12 12 12 12 12 6 6 6 6 6 6 6 6 6 6 6 6 6 6 19 19 19 19 19 19 6 6 6 19 19 19 19 19 17 17 0 0 0 0 0 0 10 10 10 10 10 10 10 10 10 3 3 3 3 3 3 3 3 3 3 3 3 3 18 18 18 9 9 9 9 
12 12 12 12 12 12 2 2 2 2 2 2 10 10 10 10 10 6 6 6 6 6 6 19 19 19 19 19 19 19 19 19 0 10 10 10 0 0 0 0 0 0 0 0 0 0 3 3 3 3 3 14 14 14 14 14 14 14 9 9 9 9 1 1 1 1 1 9 9 11 11 11 11 11 11 11 1 1 1 
12 12 12 12 12 12 12 12 12 12 12 12 12 12 12 12 12 6 6 6 6 6 6 6 6 6 6 6 6 6 6 6 6 19 19 19 19 19 19 19 19 19 19 19 19 19 19 19 19 19 0 0 0 0 0 0 0 3 3 3 3 10 14 14 3 3 3 9 9 9 9 9 9 9 9 9 18 18 18 18 18 18 18 11 11 9 9 
12 12 12 12 12 12 12 12 12 12 12 2 2 2 2 2 2 12 12 12 12 12 12 6 6 6 6 6 6 6 6 6 6 19 19 19 19 19 19 19 19 19 19 19 19 19 19 19 19 19 19 0 0 0 0 0 0 0 0 3 3 14 14 14 14 14 14 14 14 14 9 9 9 9 9 9 9 9 9 18 18 18 18 18 11 11 11 11 11 9 9 
12 12 12 12 12 12 12 2 2 12 12 12 12 6 6 6 6 6 6 6 6 6 19 19 19 19 19 19 19 19 19 19 19 19 19 19 0 0 0 0 0 10 10 10 10 10 10 10 14 3 3 9 9 9 9 9 3 3 3 18 18 18 18 9 9 9 9 9 
12 12 12 12 12 12 12 12 12 12 12 12 12 6 6 6 6 6 6 6 6 6 19 19 19 19 19 19 19 19 19 19 19 19 19 19 19 0 0 0 0 0 0 0 10 10 10 10 3 3 3 9 9 9 9 9 9 9 3 18 18 18 18 18 11 9 9 9 
6 6 6 12 12 12 12 12 12 10 10 10 19 19 19 19 19 19 6 6 6 6 6 4 4 4 4 4 4 4 4 4 4 4 4 4 4 4 4 4 4 4 4 4 4 4 4 17 17 17 17 17 17 17 17 17 19 19 0 0 0 0 0 18 18 18 18 18 18 18 18 18 18 18 18 0 18 18 
