8 8 8 8 8 8 8 2 2 2 10 10 10 10 10 10 10 14 14 14 14 14 14 14 14 14 14 13 13 13 13 13 8 8 8 8 8 8 8 8 13 13 13 7 7 7 1 1 1 1 1 1 1 9 9 9 7 7 7 
8 8 8 8 8 8 8 2 2 2 2 12 12 12 12 12 10 10 10 10 10 10 10 10 10 10 10 10 10 10 10 10 0 3 3 3 14 14 14 14 14 14 14 14 13 13 13 13 13 8 8 8 8 8 8 8 8 8 8 13 13 13 13 7 7 7 7 7 7 7 7 7 7 7 7 7 7 7 7 7 
5 5 5 5 5 5 5 5 5 5 5 5 15 15 15 15 15 15 15 15 15 15 15 15 15 15 15 15 15 15 15 15 15 15 15 15 15 15 15 15 15 15 15 15 15 15 15 15 15 15 15 5 5 5 5 5 5 5 5 5 5 5 5 5 5 5 5 5 5 5 5 5 5 5 12 12 12 12 12 12 10 10 10 12 12 12 12 12 12 12 6 6 6 19 19 19 19 19 19 19 10 10 10 10 12 12 
6 6 6 15 15 15 15 4 4 4 4 4 4 6 6 6 6 4 4 4 4 4 4 17 19 19 19 6 6 6 15 15 15 15 15 12 12 6 19 0 3 3 3 18 18 18 18 18 18 18 18 18 18 18 
14 14 13 13 13 13 13 8 8 8 8 8 8 2 10 10 10 10 10 10 19 19 19 19 19 19 19 19 19 19 19 19 19 19 19 10 0 0 0 0 0 0 0 0 3 3 3 3 3 3 3 3 9 9 14 14 14 13 13 8 8 8 8 8 8 8 8 8 8 8 8 8 8 8 8 13 13 13 13 7 7 7 7 7 1 1 1 1 1 1 1 7 7 7 7 7 7 7 7 7 
3 3 3 3 0 0 0 0 0 19 19 19 0 0 0 0 0 0 0 0 0 0 0 0 18 18 18 18 18 18 18 18 18 18 18 18 18 18 18 18 18 18 3 3 3 3 3 0 0 0 0 0 0 0 0 3 3 3 9 9 9 11 11 11 11 11 11 11 11 11 11 11 11 11 11 11 11 
16 16 16 5 2 2 2 2 10 8 8 8 16 16 16 16 8 13 13 7 7 13 13 13 
16 16 16 16 16 16 16 5 5 5 5 5 5 5 5 5 5 5 5 5 5 5 5 5 12 12 12 12 12 12 12 12 12 12 12 12 12 12 12 12 12 10 10 10 10 10 10 10 10 10 10 10 10 10 10 8 8 8 8 8 8 8 8 8 8 8 8 8 8 8 16 16 16 16 16 16 16 16 16 16 16 16 16 16 16 16 16 16 16 16 16 16 16 16 16 16 8 8 8 8 8 13 13 13 13 13 13 7 7 7 7 7 7 7 9 9 9 9 9 3 18 18 18 18 3 0 0 0 0 3 3 3 14 14 14 14 14 7 7 7 7 7 7 
16 16 5 12 2 2 2 10 10 8 16 16 16 16 8 13 7 14 13 13 13 13 
14 14 14 14 14 8 8 8 8 8 2 2 2 2 2 12 12 12 12 6 6 19 19 19 19 19 19 19 19 0 0 0 0 0 0 0 0 0 0 0 0 0 0 0 0 0 0 3 3 3 3 3 3 3 3 3 3 9 9 9 14 14 14 14 14 14 14 14 14 8 8 8 8 8 8 8 8 2 8 2 8 8 8 8 14 13 13 7 7 7 7 7 7 7 7 7 7 7 7 9 9 9 9 9 9 9 9 9 9 9 9 9 9 9 1 
8 16 16 16 16 16 16 16 5 5 5 5 12 12 12 12 12 12 12 12 12 12 12 12 12 2 2 12 12 12 10 10 10 10 10 10 10 10 10 10 10 8 8 8 8 8 8 8 16 16 16 16 16 16 16 16 16 16 16 16 16 8 8 8 8 8 13 13 13 13 13 13 13 13 7 7 14 14 14 14 14 14 14 13 13 13 7 
8 2 2 2 2 2 2 2 5 12 12 12 12 12 12 12 12 12 12 12 12 10 12 12 10 19 19 19 19 19 0 10 10 10 10 2 2 2 2 2 16 16 16 16 16 16 16 8 8 8 8 8 13 13 13 14 14 14 9 9 3 3 3 3 3 14 14 14 14 
10 10 10 10 10 10 10 10 10 12 12 6 6 19 19 19 19 19 19 0 0 0 0 0 0 0 0 0 0 0 0 3 3 3 3 3 3 14 14 14 10 10 10 2 2 2 2 2 2 2 2 2 10 10 14 14 14 14 9 9 9 9 9 9 9 9 9 9 9 9 3 3 3 9 9 9 
10 10 10 10 10 12 12 12 12 6 6 6 6 6 6 6 19 19 19 19 19 19 19 19 19 19 19 19 0 0 0 0 0 0 0 10 10 10 10 10 2 2 2 12 12 12 2 2 10 10 10 14 14 3 3 9 9 9 9 9 9 9 9 9 9 3 3 3 3 3 3 3 9 
2 2 2 2 5 5 5 15 15 15 15 6 6 6 6 6 6 19 19 19 19 0 0 10 10 10 2 2 16 5 5 5 5 5 16 2 2 8 14 14 14 14 3 3 3 3 3 3 3 3 3 3 3 
8 8 8 8 8 2 2 12 12 12 12 12 12 12 10 10 10 10 10 19 0 10 14 14 8 8 8 8 16 16 16 16 16 8 8 13 13 7 7 7 9 9 9 9 9 9 9 9 
8 16 16 16 16 5 5 5 12 12 12 2 2 10 10 10 0 0 3 14 14 8 16 16 16 16 16 16 8 8 13 13 13 7 7 7 7 9 9 14 14 7 7 
8 8 8 8 8 16 16 16 16 2 12 12 12 12 10 10 10 10 10 10 10 10 10 10 10 10 3 3 14 14 14 8 8 8 16 16 16 16 16 16 16 8 8 13 13 13 7 7 7 7 7 7 9 9 9 9 14 14 14 7 7 
2 2 2 2 2 2 2 2 2 12 12 12 12 12 6 6 6 6 12 12 10 10 10 19 19 19 19 0 0 0 10 10 10 2 2 2 16 16 16 16 16 16 16 16 8 8 8 13 14 14 14 14 14 9 9 3 3 3 3 3 3 9 9 
10 12 12 12 12 12 12 12 12 12 12 12 15 15 15 15 15 4 4 4 4 6 6 6 6 6 6 4 4 4 17 17 17 17 0 0 0 10 10 10 2 2 2 12 12 2 2 2 10 10 14 14 3 3 3 3 3 3 3 3 14 3 
14 14 14 14 14 10 10 10 19 19 19 19 19 0 0 0 0 0 0 0 0 0 0 0 0 18 18 18 18 18 18 18 18 18 18 18 18 3 9 9 9 9 3 3 14 14 14 14 14 14 14 14 14 7 7 7 7 9 1 1 1 1 11 11 11 11 11 11 11 11 11 11 11 11 11 11 11 11 11 
8 8 8 8 2 2 2 2 10 10 10 10 14 14 14 14 14 13 13 8 8 8 8 8 8 8 8 16 16 16 8 8 8 8 13 13 13 7 7 7 7 7 9 9 9 9 9 14 14 7 7 
10 10 10 10 10 10 10 10 10 10 10 12 12 12 12 12 12 6 6 6 6 6 6 6 6 6 6 6 15 4 4 4 4 4 4 4 4 4 4 4 4 4 4 4 4 4 19 19 19 19 19 19 19 19 19 19 19 19 19 4 4 4 17 17 17 17 17 17 17 17 17 17 17 18 18 18 18 3 3 3 3 3 3 14 14 14 14 14 10 10 10 2 2 2 2 2 2 2 2 12 12 12 10 10 10 10 10 10 10 3 3 3 3 3 3 9 9 9 9 9 9 9 9 9 9 9 9 9 18 18 18 11 11 11 11 11 11 11 11 9 9 
5 5 5 5 5 5 5 5 5 5 5 5 5 5 5 5 5 15 15 15 15 15 15 15 15 15 15 15 15 15 15 15 15 15 6 6 6 6 6 6 6 6 6 6 6 6 6 6 6 6 6 6 6 6 6 6 6 19 19 19 19 19 19 19 19 10 10 10 10 10 10 10 2 2 2 2 2 2 2 2 2 2 2 2 2 2 2 2 2 5 5 5 5 5 5 5 5 2 2 2 2 2 2 2 8 8 8 14 14 14 14 14 14 14 14 14 14 14 14 14 14 14 14 14 
2 2 12 12 6 12 10 10 19 19 0 10 10 10 2 2 2 16 2 2 8 14 14 14 9 3 3 14 14 14 
8 8 2 2 2 12 12 10 10 10 10 10 10 0 14 14 14 8 8 8 16 16 16 8 13 13 7 7 7 14 14 3 9 9 9 7 7 
2 2 2 2 2 2 2 2 12 12 12 12 12 12 12 12 12 15 15 15 15 6 6 6 6 6 6 6 6 6 6 6 6 6 12 12 12 6 6 6 6 6 19 19 19 19 19 19 19 19 10 10 10 10 10 10 10 10 10 10 10 10 8 8 8 8 8 8 8 2 2 2 2 2 2 2 2 2 2 2 2 2 2 2 8 8 8 8 8 13 13 13 13 13 13 7 7 7 7 7 7 9 9 9 9 9 9 3 3 3 3 3 3 3 3 14 14 14 7 7 7 7 7 7 7 7 7 
10 10 12 12 12 12 12 12 6 6 6 6 6 6 6 6 19 19 19 19 19 19 19 19 19 19 19 19 19 19 19 19 19 19 19 0 0 0 0 0 0 3 3 3 3 3 3 10 10 10 10 10 10 10 10 10 10 10 10 10 10 10 10 10 10 14 14 14 3 3 3 3 9 9 9 9 9 18 18 18 3 3 3 3 3 9 9 9 9 9 9 
8 8 8 8 2 2 2 2 12 12 12 12 12 6 6 6 6 6 6 6 6 10 10 10 10 10 10 10 10 10 10 19 19 19 0 0 0 0 0 3 3 3 14 14 14 14 13 13 13 13 13 8 8 8 8 8 8 8 8 8 8 8 8 8 8 8 8 13 13 13 13 7 7 7 7 7 7 7 7 7 7 9 9 9 9 7 7 7 7 7 7 7 7 
8 8 8 8 8 8 16 16 16 16 5 5 5 5 12 12 12 12 12 12 12 12 12 12 12 12 10 10 10 10 10 10 10 14 14 14 14 8 8 8 8 8 8 16 16 16 16 16 16 16 16 16 16 16 8 8 8 8 13 13 13 7 7 7 1 1 1 1 1 1 1 1 1 9 9 7 7 7 7 7 7 7 7 7 7 
13 8 8 8 8 8 8 2 2 2 2 12 12 12 12 10 10 10 10 10 10 10 10 10 10 10 10 10 0 0 0 0 3 3 14 14 14 14 13 13 13 8 8 8 8 8 8 16 16 8 8 8 8 8 13 13 13 7 7 7 1 1 1 1 1 1 1 1 1 1 1 1 1 1 1 1 
13 13 13 8 8 8 8 8 8 2 2 2 2 2 10 10 10 10 10 14 14 14 14 14 14 14 10 14 14 3 3 3 3 9 7 7 7 7 13 13 13 13 8 8 8 8 8 8 8 8 8 8 13 13 13 7 7 7 1 1 1 1 1 1 1 1 1 1 1 1 1 1 1 1 1 1 1 
8 8 8 8 8 8 2 2 2 12 12 12 12 6 6 6 6 19 19 19 19 19 19 19 19 19 19 19 19 19 0 0 0 0 3 3 14 14 14 8 8 8 8 8 16 16 16 16 16 16 16 16 8 8 8 13 13 7 7 7 7 1 1 1 1 11 11 11 11 9 9 9 9 7 7 7 
13 13 13 8 8 8 8 10 14 14 14 14 14 14 14 14 3 3 9 9 7 13 13 8 8 8 8 8 8 13 13 7 7 1 1 1 1 1 1 1 1 1 1 
8 8 8 8 8 2 2 2 10 10 10 10 14 14 14 14 14 10 10 10 10 3 3 3 3 14 14 13 13 13 13 8 8 8 8 16 8 8 8 13 13 13 13 7 7 1 1 1 1 1 1 1 1 7 7 7 7 1 
7 7 13 13 13 13 13 13 14 14 14 10 10 3 3 3 3 3 3 3 3 3 3 3 18 18 18 9 9 9 9 9 9 7 7 7 13 13 13 13 13 8 8 8 8 13 13 13 13 13 7 7 7 1 1 1 1 1 1 1 1 1 1 1 1 1 1 1 1 1 1 
10 10 10 6 6 6 6 6 6 19 19 19 19 19 19 19 19 19 19 19 0 0 0 0 0 0 0 0 0 0 0 0 0 0 0 0 3 3 3 3 3 3 3 14 14 10 10 10 10 10 10 10 2 2 2 2 10 10 10 10 14 14 14 9 9 9 9 9 11 11 11 11 11 11 11 11 11 11 9 9 9 9 9 9 9 
8 8 2 2 2 10 10 10 19 19 19 19 19 19 19 19 0 0 0 0 0 0 0 0 0 0 0 0 0 0 18 18 18 18 18 3 3 9 9 9 9 14 14 14 14 14 14 14 8 8 8 8 8 8 8 13 13 13 13 7 7 7 1 1 1 1 1 1 1 1 1 11 11 11 1 1 1 1 1 1 
2 2 2 2 2 2 12 12 12 12 12 15 15 15 15 15 15 15 6 6 6 6 6 6 6 6 6 6 6 6 19 19 19 19 19 19 19 19 19 0 0 0 0 0 0 0 10 10 10 10 10 10 2 2 2 2 2 2 2 2 2 8 8 14 14 14 7 7 9 9 9 9 9 9 9 3 3 9 9 9 7 7 
8 8 2 2 2 2 12 12 6 19 19 19 19 19 19 10 0 0 0 0 0 0 0 3 3 3 3 3 14 14 14 14 14 8 8 8 8 8 8 8 14 13 7 7 7 7 1 1 1 1 9 9 9 9 9 7 7 
14 14 14 14 10 10 10 10 10 6 6 6 19 19 19 19 19 19 0 0 0 0 0 0 0 0 0 0 0 0 18 18 18 18 18 18 18 3 9 9 9 14 14 14 14 14 8 8 8 8 8 8 8 14 13 13 7 7 7 7 1 1 1 1 9 9 9 9 9 9 9 1 1 
14 10 10 10 10 19 19 19 19 19 19 0 0 0 0 0 0 0 0 0 0 0 18 18 18 18 18 18 3 3 3 3 3 3 14 14 10 10 10 14 14 14 14 14 9 9 9 9 11 11 11 11 11 11 11 11 11 11 1 
4 4 4 4 19 19 4 4 4 4 4 4 4 4 4 4 4 4 4 4 4 4 17 17 17 17 17 17 17 19 19 19 6 6 6 6 6 6 6 6 6 19 19 19 17 0 0 17 17 17 17 17 17 17 18 18 18 18 0 17 
10 10 10 2 2 12 12 12 12 12 12 6 6 6 6 6 6 6 6 6 6 19 19 19 19 19 19 0 0 0 0 10 10 10 10 10 10 2 2 2 2 2 10 10 14 14 14 9 9 9 9 9 9 9 9 9 3 9 9 9 9 
8 8 8 8 8 2 2 2 2 10 10 10 10 10 10 10 10 10 10 10 10 10 10 0 0 0 3 3 3 3 3 14 14 14 14 14 8 8 8 8 8 13 13 13 7 7 7 1 1 1 1 11 11 11 9 9 9 9 9 9 
14 14 10 10 10 10 10 10 10 6 19 19 19 19 19 19 19 0 0 0 0 0 0 0 18 18 18 3 3 3 3 14 14 14 10 10 10 10 10 10 14 14 14 14 9 9 9 11 11 11 11 11 11 11 11 11 11 11 11 11 11 
14 14 14 10 10 10 10 10 19 19 19 19 19 19 19 19 0 0 0 0 0 0 0 0 0 18 18 18 3 3 3 3 10 10 10 10 10 10 14 14 14 9 9 9 11 11 11 11 11 11 11 11 11 11 9 9 
3 3 3 3 0 0 0 19 19 19 0 0 0 0 0 0 0 0 0 0 18 18 18 18 18 18 18 18 18 3 3 3 3 3 3 3 3 3 9 9 9 9 11 11 11 11 11 11 11 11 11 11 11 
14 14 8 8 10 10 10 12 12 6 6 19 19 19 19 19 19 19 0 0 0 0 0 3 3 3 3 14 14 14 14 8 8 8 8 8 8 14 14 13 7 7 1 1 1 11 11 9 9 9 9 9 9 9 
10 10 2 2 2 12 12 12 6 6 6 6 6 6 19 19 19 19 19 19 19 19 0 0 0 0 0 0 0 10 10 10 10 10 10 2 2 2 2 2 2 2 10 10 14 14 9 9 9 9 9 9 9 9 9 9 9 9 9 9 9 
14 14 10 10 10 10 10 10 10 10 19 19 19 19 19 0 0 0 0 0 0 0 0 0 0 3 3 3 3 3 3 14 14 14 14 14 14 14 14 14 14 14 14 14 14 7 7 9 1 1 1 1 1 11 11 11 11 11 11 11 11 1 
14 14 14 10 10 19 19 19 19 0 0 0 0 0 0 18 18 3 3 3 14 14 10 10 14 14 9 9 11 11 11 11 11 11 9 9 9 
14 14 14 14 10 10 10 10 19 19 0 0 0 0 0 0 0 0 3 3 3 3 3 14 14 10 10 10 14 14 9 9 9 1 11 11 11 9 9 9 9 9 
8 8 8 8 8 8 2 2 2 10 10 10 10 10 14 14 14 14 14 14 14 14 14 14 14 14 14 14 14 9 9 9 9 7 7 7 7 7 13 13 13 13 13 13 13 8 8 8 8 8 8 8 8 8 8 8 13 13 13 7 7 7 7 7 7 7 7 7 7 7 7 7 1 1 1 1 1 1 1 1 1 1 1 1 1 
0 0 0 0 0 0 0 0 19 19 19 19 17 17 17 17 17 17 17 17 17 17 17 17 17 17 17 17 17 17 17 17 17 17 17 17 18 17 17 17 0 0 0 0 0 0 0 0 0 0 0 0 19 19 19 0 0 0 0 0 0 0 0 0 18 18 18 18 18 18 18 18 18 18 18 18 18 18 18 18 18 18 18 18 18 18 18 18 18 18 18 18 18 18 18 18 18 18 18 18 18 18 18 18 18 18 18 
19 6 6 6 6 6 6 6 4 4 4 4 4 4 4 19 19 19 19 19 19 19 4 4 17 17 17 17 17 0 19 19 19 6 6 12 12 12 6 6 19 19 0 3 18 18 18 18 18 18 18 18 18 18 18 18 18 18 18 
6 6 6 6 6 6 6 6 6 6 15 15 4 4 4 4 4 4 4 4 4 4 4 4 4 4 4 4 4 4 4 4 4 4 4 4 4 4 4 4 4 4 4 4 4 4 4 4 4 19 19 19 19 6 6 6 6 6 6 6 6 6 6 6 6 6 6 19 19 19 19 0 0 0 3 3 3 3 18 18 18 0 0 0 0 0 0 0 0 0 0 0 0 
17 17 17 0 19 19 4 4 4 4 4 4 4 17 17 17 17 17 17 17 17 17 17 17 17 17 17 17 17 17 17 17 17 17 17 17 17 0 0 0 19 19 19 6 6 6 6 6 19 19 0 18 18 18 18 18 18 18 18 18 18 18 18 18 18 18 18 18 18 18 
10 12 12 12 12 12 12 12 12 12 6 6 15 15 15 15 6 6 6 4 6 4 6 6 6 19 19 19 19 19 19 19 19 19 19 19 17 17 17 17 17 0 0 0 0 0 10 10 10 10 10 12 12 12 12 12 2 10 10 10 14 14 3 9 9 9 9 9 9 3 3 3 18 18 18 18 18 18 9 9 9 9 9 9 
2 2 2 2 2 2 2 12 5 5 12 5 15 15 15 15 15 6 6 6 6 6 6 6 6 12 12 12 12 12 6 6 6 6 19 19 19 19 19 19 19 19 19 10 10 10 10 10 8 2 2 2 2 16 16 16 16 16 2 8 8 8 13 13 13 13 13 13 13 13 14 14 14 14 3 3 3 3 9 9 7 7 7 7 7 
2 2 2 2 12 12 12 12 12 6 6 6 6 6 6 6 6 6 6 19 19 19 19 19 19 19 19 19 19 19 19 19 0 0 0 0 0 0 0 0 10 10 10 2 2 2 2 2 2 2 2 2 2 8 14 14 14 7 7 7 7 7 9 14 3 3 3 3 3 3 9 9 9 9 9 7 7 
2 2 2 2 2 12 12 12 12 15 15 15 6 6 6 6 6 6 6 6 6 6 6 6 6 19 19 19 19 19 19 0 0 10 10 10 2 2 2 2 2 2 2 2 2 14 14 14 14 9 9 3 3 3 3 3 3 3 3 9 9 9 9 9 
2 2 2 12 12 12 12 6 6 6 6 6 6 12 6 6 6 19 19 19 19 19 19 10 10 2 2 2 2 16 2 2 2 8 14 14 14 14 14 14 14 3 3 3 3 9 9 9 9 7 7 
2 2 2 2 2 2 12 12 12 12 12 6 6 6 6 6 6 6 6 6 6 6 19 10 10 10 10 10 19 19 19 19 19 19 19 19 19 0 0 0 0 0 0 10 14 14 8 8 8 2 2 2 2 16 2 2 2 2 8 14 14 14 7 7 7 7 7 7 7 9 9 9 3 3 9 9 9 9 9 9 7 7 7 
2 2 2 2 12 12 12 12 12 6 6 6 6 6 6 6 6 19 19 19 19 19 19 19 19 19 19 19 19 19 19 19 0 0 0 0 0 0 0 10 10 10 10 10 2 2 2 2 2 2 10 14 14 14 14 14 9 9 9 9 3 3 3 3 3 18 9 9 9 9 9 9 9 
2 2 2 2 12 12 12 12 12 6 6 6 6 6 6 6 19 19 19 19 19 19 10 19 19 19 19 19 19 19 19 19 19 0 0 0 0 0 0 10 10 10 10 2 2 2 2 2 2 2 2 2 2 14 14 14 14 14 14 14 14 14 14 14 3 3 3 3 3 3 3 9 9 9 9 9 9 
2 2 2 2 2 12 12 12 12 12 6 6 6 6 6 6 19 19 10 10 10 10 10 10 10 10 19 19 19 19 0 0 0 0 0 3 3 14 14 14 8 8 8 8 8 8 8 8 8 8 13 13 13 13 7 7 7 7 7 7 7 9 9 9 9 9 9 9 9 9 7 7 7 
14 14 14 14 10 10 10 10 10 10 10 19 19 19 19 19 19 19 19 19 19 0 0 0 0 10 10 10 0 0 0 0 0 0 0 0 0 0 0 3 3 3 3 3 3 14 14 14 14 8 8 8 8 2 2 2 2 8 14 14 7 7 7 1 1 1 1 1 1 1 9 9 9 9 11 11 11 11 11 11 1 1 
2 2 2 2 2 2 2 2 2 2 2 12 12 12 12 12 12 12 6 6 6 6 6 6 6 6 6 19 19 19 19 19 19 10 19 19 19 19 19 19 19 19 19 19 19 0 0 0 0 0 0 0 10 10 10 10 10 8 8 2 2 2 2 2 2 2 8 8 8 14 14 14 7 7 7 7 7 9 9 3 3 3 3 3 3 9 9 9 9 9 9 9 7 7 7 
2 2 2 2 2 2 12 12 12 12 12 15 15 6 6 6 6 6 6 12 12 12 12 12 12 6 6 6 19 19 19 19 19 19 0 10 10 10 10 8 8 8 16 16 16 16 16 16 16 16 16 8 8 13 13 13 13 7 7 7 14 14 14 3 3 9 9 9 9 7 7 7 
